knr,knavn,aar,bef_K_0_14,bef_K_15_29,bef_K_30_74,bef_K_75_105,bef_M_0_14,bef_M_15_29,bef_M_30_74,bef_M_75_105,bef_MK_0_14,bef_MK_15_29,bef_MK_30_74,bef_MK_75_105
0101,Halden,1999,2351,2445,7110,1597,2534,2530,7067,889,4885,4975,14177,2486
0101,Halden,2000,2388,2416,7163,1612,2592,2514,7135,913,4980,4930,14298,2525
0101,Halden,2001,2429,2416,7263,1632,2674,2526,7270,923,5103,4942,14533,2555
0101,Halden,2002,2438,2409,7297,1630,2707,2446,7327,950,5145,4855,14624,2580
0101,Halden,2003,2468,2381,7370,1627,2729,2504,7397,962,5197,4885,14767,2589
0101,Halden,2004,2466,2350,7408,1640,2707,2465,7471,957,5173,4815,14879,2597
0101,Halden,2005,2464,2339,7494,1610,2713,2472,7531,959,5177,4811,15025,2569
0101,Halden,2006,2424,2377,7583,1574,2678,2531,7569,986,5102,4908,15152,2560
0101,Halden,2007,2410,2413,7601,1604,2679,2487,7669,972,5089,4900,15270,2576
0101,Halden,2008,2458,2421,7690,1583,2655,2503,7798,984,5113,4924,15488,2567
0101,Halden,2009,2471,2497,7774,1555,2664,2541,7900,987,5135,5038,15674,2542
0101,Halden,2010,2490,2568,7890,1543,2634,2632,8026,993,5124,5200,15916,2536
0101,Halden,2011,2496,2628,7998,1524,2653,2755,8171,995,5149,5383,16169,2519
0101,Halden,2012,2490,2691,8099,1503,2657,2881,8243,979,5147,5572,16342,2482
0101,Halden,2013,2505,2745,8239,1499,2692,2916,8326,958,5197,5661,16565,2457
0101,Halden,2014,2511,2804,8302,1481,2722,2943,8400,969,5233,5747,16702,2450
0104,Moss,1999,2233,2574,7255,1379,2391,2633,7028,749,4624,5207,14283,2128
0104,Moss,2000,2313,2501,7363,1425,2524,2535,7212,760,4837,5036,14575,2185
0104,Moss,2001,2418,2480,7546,1436,2603,2524,7363,773,5021,5004,14909,2209
0104,Moss,2002,2462,2436,7682,1408,2637,2436,7511,766,5099,4872,15193,2174
0104,Moss,2003,2446,2439,7833,1395,2616,2409,7611,785,5062,4848,15444,2180
0104,Moss,2004,2466,2428,7930,1395,2617,2393,7702,801,5083,4821,15632,2196
0104,Moss,2005,2501,2440,8051,1379,2637,2395,7840,797,5138,4835,15891,2176
0104,Moss,2006,2480,2386,8168,1404,2625,2406,7895,818,5105,4792,16063,2222
0104,Moss,2007,2515,2432,8316,1413,2680,2449,7998,830,5195,4881,16314,2243
0104,Moss,2008,2530,2409,8447,1428,2703,2563,8147,846,5233,4972,16594,2274
0104,Moss,2009,2542,2531,8587,1409,2707,2636,8327,849,5249,5167,16914,2258
0104,Moss,2010,2602,2576,8687,1417,2784,2698,8416,850,5386,5274,17103,2267
0104,Moss,2011,2579,2561,8793,1407,2753,2755,8540,877,5332,5316,17333,2284
0104,Moss,2012,2595,2626,8938,1409,2744,2829,8682,900,5339,5455,17620,2309
0104,Moss,2013,2598,2653,8999,1411,2717,2862,8803,945,5315,5515,17802,2356
0104,Moss,2014,2596,2640,9127,1434,2737,2900,8891,983,5333,5540,18018,2417
0105,Sarpsborg,1999,4140,4465,12908,2501,4321,4759,12655,1373,8461,9224,25563,3874
0105,Sarpsborg,2000,4191,4416,13056,2516,4375,4656,12806,1431,8566,9072,25862,3947
0105,Sarpsborg,2001,4268,4375,13303,2509,4465,4674,12985,1414,8733,9049,26288,3923
0105,Sarpsborg,2002,4382,4317,13443,2522,4613,4624,13201,1453,8995,8941,26644,3975
0105,Sarpsborg,2003,4446,4293,13596,2530,4701,4568,13437,1473,9147,8861,27033,4003
0105,Sarpsborg,2004,4539,4301,13719,2511,4731,4559,13572,1491,9270,8860,27291,4002
0105,Sarpsborg,2005,4575,4309,13879,2514,4746,4547,13665,1518,9321,8856,27544,4032
0105,Sarpsborg,2006,4569,4345,13964,2534,4772,4554,13816,1561,9341,8899,27780,4095
0105,Sarpsborg,2007,4553,4379,14068,2549,4836,4588,14048,1572,9389,8967,28116,4121
0105,Sarpsborg,2008,4537,4449,14175,2540,4843,4656,14293,1560,9380,9105,28468,4100
0105,Sarpsborg,2009,4659,4482,14383,2519,4917,4748,14452,1563,9576,9230,28835,4082
0105,Sarpsborg,2010,4695,4531,14518,2496,4976,4783,14595,1565,9671,9314,29113,4061
0105,Sarpsborg,2011,4729,4629,14723,2461,4960,4952,14784,1567,9689,9581,29507,4028
0105,Sarpsborg,2012,4715,4711,14861,2481,4984,4995,15007,1579,9699,9706,29868,4060
0105,Sarpsborg,2013,4704,4782,14937,2492,4970,5020,15193,1598,9674,9802,30130,4090
0105,Sarpsborg,2014,4694,4876,15065,2511,4984,4989,15335,1605,9678,9865,30400,4116
0106,Fredrikstad,1999,5968,6319,18695,3721,6251,6342,18112,2007,12219,12661,36807,5728
0106,Fredrikstad,2000,6083,6160,18873,3751,6343,6122,18370,2059,12426,12282,37243,5810
0106,Fredrikstad,2001,6186,6024,19139,3705,6483,5971,18565,2070,12669,11995,37704,5775
0106,Fredrikstad,2002,6226,5920,19304,3769,6542,5961,18683,2100,12768,11881,37987,5869
0106,Fredrikstad,2003,6356,5983,19570,3752,6719,5919,18913,2076,13075,11902,38483,5828
0106,Fredrikstad,2004,6361,6018,19737,3750,6784,5922,19197,2098,13145,11940,38934,5848
0106,Fredrikstad,2005,6397,5959,19916,3779,6818,5943,19471,2135,13215,11902,39387,5914
0106,Fredrikstad,2006,6403,5988,20113,3758,6838,5985,19569,2137,13241,11973,39682,5895
0106,Fredrikstad,2007,6335,6083,20296,3767,6909,6072,19697,2138,13244,12155,39993,5905
0106,Fredrikstad,2008,6397,6136,20489,3733,6874,6217,19979,2151,13271,12353,40468,5884
0106,Fredrikstad,2009,6431,6271,20638,3700,6829,6379,20358,2154,13260,12650,40996,5854
0106,Fredrikstad,2010,6515,6396,20885,3649,6914,6558,20562,2159,13429,12954,41447,5808
0106,Fredrikstad,2011,6533,6570,21127,3631,7018,6737,20794,2169,13551,13307,41921,5800
0106,Fredrikstad,2012,6461,6697,21349,3635,7003,7074,21174,2190,13464,13771,42523,5825
0106,Fredrikstad,2013,6480,6938,21641,3639,7046,7275,21535,2253,13526,14213,43176,5892
0106,Fredrikstad,2014,6516,7025,21887,3673,7023,7416,21741,2310,13539,14441,43628,5983
0111,Hvaler,1999,286,304,962,174,348,338,987,88,634,642,1949,262
0111,Hvaler,2000,291,295,966,176,333,327,1016,90,624,622,1982,266
0111,Hvaler,2001,288,297,967,173,324,349,1017,89,612,646,1984,262
0111,Hvaler,2002,297,281,1015,170,322,347,1058,98,619,628,2073,268
0111,Hvaler,2003,296,277,1036,168,315,342,1079,104,611,619,2115,272
0111,Hvaler,2004,300,293,1071,170,325,318,1110,107,625,611,2181,277
0111,Hvaler,2005,305,295,1102,176,327,318,1145,105,632,613,2247,281
0111,Hvaler,2006,291,304,1128,174,337,326,1154,107,628,630,2282,281
0111,Hvaler,2007,298,280,1166,171,343,318,1194,110,641,598,2360,281
0111,Hvaler,2008,303,269,1207,173,346,315,1225,123,649,584,2432,296
0111,Hvaler,2009,313,261,1238,167,340,305,1252,122,653,566,2490,289
0111,Hvaler,2010,307,276,1269,155,334,335,1287,122,641,611,2556,277
0111,Hvaler,2011,306,288,1293,152,342,339,1309,131,648,627,2602,283
0111,Hvaler,2012,306,294,1325,157,335,334,1324,131,641,628,2649,288
0111,Hvaler,2013,301,335,1335,158,341,334,1356,124,642,669,2691,282
0111,Hvaler,2014,303,332,1362,172,349,333,1398,137,652,665,2760,309
0118,Aremark,1999,153,131,359,102,122,134,398,59,275,265,757,161
0118,Aremark,2000,154,133,360,101,125,127,390,61,279,260,750,162
0118,Aremark,2001,148,134,356,101,118,109,389,64,266,243,745,165
0118,Aremark,2002,151,130,366,98,128,107,400,61,279,237,766,159
0118,Aremark,2003,159,131,374,94,125,109,404,62,284,240,778,156
0118,Aremark,2004,147,129,378,88,129,108,397,61,276,237,775,149
0118,Aremark,2005,143,120,379,90,131,103,400,59,274,223,779,149
0118,Aremark,2006,139,128,387,89,140,110,406,57,279,238,793,146
0118,Aremark,2007,139,117,380,84,138,112,390,57,277,229,770,141
0118,Aremark,2008,134,110,392,79,139,119,398,58,273,229,790,137
0118,Aremark,2009,132,103,395,80,135,119,396,60,267,222,791,140
0118,Aremark,2010,131,113,391,74,128,123,401,63,259,236,792,137
0118,Aremark,2011,136,110,393,68,131,118,395,63,267,228,788,131
0118,Aremark,2012,129,110,394,74,130,123,401,62,259,233,795,136
0118,Aremark,2013,126,110,389,73,125,120,415,67,251,230,804,140
0118,Aremark,2014,125,107,382,77,119,102,431,65,244,209,813,142
0119,Marker,1999,296,278,857,206,280,306,919,148,576,584,1776,354
0119,Marker,2000,293,271,851,212,298,288,926,161,591,559,1777,373
0119,Marker,2001,299,280,870,208,309,284,941,165,608,564,1811,373
0119,Marker,2002,301,277,868,209,300,270,924,170,601,547,1792,379
0119,Marker,2003,307,272,908,204,327,284,939,167,634,556,1847,371
0119,Marker,2004,306,273,917,195,331,277,952,158,637,550,1869,353
0119,Marker,2005,301,290,946,188,330,271,965,148,631,561,1911,336
0119,Marker,2006,314,293,959,191,331,270,997,150,645,563,1956,341
0119,Marker,2007,299,299,967,195,331,275,998,153,630,574,1965,348
0119,Marker,2008,279,279,961,201,309,281,1001,152,588,560,1962,353
0119,Marker,2009,265,293,968,198,305,273,1005,148,570,566,1973,346
0119,Marker,2010,274,280,987,183,308,277,1020,142,582,557,2007,325
0119,Marker,2011,271,280,986,191,305,273,1025,145,576,553,2011,336
0119,Marker,2012,269,272,997,193,317,286,1045,139,586,558,2042,332
0119,Marker,2013,273,278,1007,211,319,300,1059,140,592,578,2066,351
0119,Marker,2014,264,295,1014,208,301,307,1069,138,565,602,2083,346
0121,Rømskog,1999,47,61,170,55,61,52,186,37,108,113,356,92
0121,Rømskog,2000,42,65,174,53,64,52,184,40,106,117,358,93
0121,Rømskog,2001,47,59,174,54,64,56,189,38,111,115,363,92
0121,Rømskog,2002,48,52,172,51,59,56,179,40,107,108,351,91
0121,Rømskog,2003,50,45,176,52,65,56,171,43,115,101,347,95
0121,Rømskog,2004,49,50,172,52,66,59,174,46,115,109,346,98
0121,Rømskog,2005,50,49,175,51,66,53,177,46,116,102,352,97
0121,Rømskog,2006,50,48,177,56,61,56,175,47,111,104,352,103
0121,Rømskog,2007,49,38,172,62,59,58,175,46,108,96,347,108
0121,Rømskog,2008,43,35,173,60,65,56,173,44,108,91,346,104
0121,Rømskog,2009,46,39,179,56,71,53,187,40,117,92,366,96
0121,Rømskog,2010,47,45,186,51,65,61,195,38,112,106,381,89
0121,Rømskog,2011,49,44,182,49,64,60,193,37,113,104,375,86
0121,Rømskog,2012,50,44,182,53,63,64,195,37,113,108,377,90
0121,Rømskog,2013,53,39,182,54,62,65,197,39,115,104,379,93
0121,Rømskog,2014,50,33,186,50,57,57,201,38,107,90,387,88
0122,Trøgstad,1999,437,470,1275,254,454,490,1324,156,891,960,2599,410
0122,Trøgstad,2000,442,469,1275,263,449,487,1330,153,891,956,2605,416
0122,Trøgstad,2001,454,438,1287,273,455,477,1352,164,909,915,2639,437
0122,Trøgstad,2002,469,408,1345,262,475,446,1381,166,944,854,2726,428
0122,Trøgstad,2003,472,408,1362,268,476,438,1400,167,948,846,2762,435
0122,Trøgstad,2004,460,400,1360,267,444,446,1405,171,904,846,2765,438
0122,Trøgstad,2005,461,400,1365,266,444,430,1423,173,905,830,2788,439
0122,Trøgstad,2006,454,398,1391,267,464,423,1445,171,918,821,2836,438
0122,Trøgstad,2007,447,387,1383,265,459,436,1445,172,906,823,2828,437
0122,Trøgstad,2008,460,397,1408,264,460,426,1456,168,920,823,2864,432
0122,Trøgstad,2009,435,406,1421,254,451,446,1472,162,886,852,2893,416
0122,Trøgstad,2010,444,400,1447,239,457,439,1504,162,901,839,2951,401
0122,Trøgstad,2011,442,420,1451,235,456,446,1538,154,898,866,2989,389
0122,Trøgstad,2012,452,423,1459,234,468,458,1568,157,920,881,3027,391
0122,Trøgstad,2013,455,412,1465,232,474,476,1606,153,929,888,3071,385
0122,Trøgstad,2014,441,450,1496,231,469,510,1613,156,910,960,3109,387
0123,Spydeberg,1999,419,420,1165,186,443,496,1183,126,862,916,2348,312
0123,Spydeberg,2000,433,400,1192,192,443,491,1205,130,876,891,2397,322
0123,Spydeberg,2001,421,416,1206,196,455,491,1239,135,876,907,2445,331
0123,Spydeberg,2002,452,441,1227,203,460,494,1265,128,912,935,2492,331
0123,Spydeberg,2003,451,431,1261,191,469,468,1275,126,920,899,2536,317
0123,Spydeberg,2004,456,414,1261,208,472,482,1283,130,928,896,2544,338
0123,Spydeberg,2005,459,416,1297,219,476,492,1309,130,935,908,2606,349
0123,Spydeberg,2006,456,447,1311,229,488,472,1316,137,944,919,2627,366
0123,Spydeberg,2007,453,435,1360,229,509,467,1350,145,962,902,2710,374
0123,Spydeberg,2008,452,455,1401,230,517,464,1411,143,969,919,2812,373
0123,Spydeberg,2009,460,455,1427,233,516,468,1444,145,976,923,2871,378
0123,Spydeberg,2010,480,454,1441,232,532,444,1452,132,1012,898,2893,364
0123,Spydeberg,2011,481,455,1491,227,531,459,1492,129,1012,914,2983,356
0123,Spydeberg,2012,480,458,1514,229,559,441,1533,134,1039,899,3047,363
0123,Spydeberg,2013,489,451,1551,233,558,472,1586,134,1047,923,3137,367
0123,Spydeberg,2014,494,469,1599,229,541,532,1617,139,1035,1001,3216,368
0124,Askim,1999,1262,1344,3573,655,1280,1424,3500,353,2542,2768,7073,1008
0124,Askim,2000,1282,1305,3621,672,1312,1402,3562,365,2594,2707,7183,1037
0124,Askim,2001,1295,1262,3702,665,1323,1397,3600,378,2618,2659,7302,1043
0124,Askim,2002,1297,1220,3763,677,1320,1344,3659,393,2617,2564,7422,1070
0124,Askim,2003,1330,1220,3837,675,1358,1331,3735,390,2688,2551,7572,1065
0124,Askim,2004,1322,1223,3895,663,1343,1359,3798,383,2665,2582,7693,1046
0124,Askim,2005,1313,1253,3931,654,1371,1335,3839,393,2684,2588,7770,1047
0124,Askim,2006,1334,1266,3948,673,1366,1346,3859,392,2700,2612,7807,1065
0124,Askim,2007,1372,1260,4000,677,1385,1324,3905,406,2757,2584,7905,1083
0124,Askim,2008,1367,1275,4033,677,1364,1350,3996,410,2731,2625,8029,1087
0124,Askim,2009,1369,1322,4119,663,1405,1368,4054,403,2774,2690,8173,1066
0124,Askim,2010,1375,1331,4139,651,1438,1378,4153,399,2813,2709,8292,1050
0124,Askim,2011,1348,1352,4196,632,1424,1382,4184,391,2772,2734,8380,1023
0124,Askim,2012,1333,1362,4261,632,1425,1424,4255,404,2758,2786,8516,1036
0124,Askim,2013,1338,1440,4315,624,1432,1431,4315,420,2770,2871,8630,1044
0124,Askim,2014,1341,1428,4398,616,1448,1413,4369,417,2789,2841,8767,1033
0125,Eidsberg,1999,873,919,2510,523,921,922,2478,289,1794,1841,4988,812
0125,Eidsberg,2000,907,943,2596,523,956,935,2544,299,1863,1878,5140,822
0125,Eidsberg,2001,938,945,2640,533,978,956,2601,292,1916,1901,5241,825
0125,Eidsberg,2002,930,932,2655,543,983,933,2632,311,1913,1865,5287,854
0125,Eidsberg,2003,952,924,2676,539,980,914,2669,314,1932,1838,5345,853
0125,Eidsberg,2004,954,948,2732,530,1002,916,2711,328,1956,1864,5443,858
0125,Eidsberg,2005,965,917,2763,538,1024,915,2749,332,1989,1832,5512,870
0125,Eidsberg,2006,956,926,2798,536,1013,926,2785,327,1969,1852,5583,863
0125,Eidsberg,2007,959,920,2817,542,1029,925,2840,325,1988,1845,5657,867
0125,Eidsberg,2008,958,950,2855,547,1055,937,2875,332,2013,1887,5730,879
0125,Eidsberg,2009,975,959,2920,553,1047,976,2937,334,2022,1935,5857,887
0125,Eidsberg,2010,988,972,2947,542,1047,1010,2978,337,2035,1982,5925,879
0125,Eidsberg,2011,966,1013,2990,522,1037,1064,3019,329,2003,2077,6009,851
0125,Eidsberg,2012,962,1038,3041,525,1038,1031,3078,336,2000,2069,6119,861
0125,Eidsberg,2013,959,1018,3096,530,1035,1092,3127,338,1994,2110,6223,868
0125,Eidsberg,2014,962,1043,3145,522,1048,1084,3180,339,2010,2127,6325,861
0127,Skiptvet,1999,296,285,822,145,333,338,829,93,629,623,1651,238
0127,Skiptvet,2000,311,276,821,148,334,326,829,95,645,602,1650,243
0127,Skiptvet,2001,323,300,828,151,346,324,847,94,669,624,1675,245
0127,Skiptvet,2002,333,299,831,149,346,340,863,97,679,639,1694,246
0127,Skiptvet,2003,356,302,851,150,356,328,885,99,712,630,1736,249
0127,Skiptvet,2004,356,290,874,154,347,311,895,109,703,601,1769,263
0127,Skiptvet,2005,360,285,880,152,329,311,924,114,689,596,1804,266
0127,Skiptvet,2006,354,285,887,150,332,309,968,115,686,594,1855,265
0127,Skiptvet,2007,349,288,879,152,331,304,994,116,680,592,1873,268
0127,Skiptvet,2008,356,313,894,159,372,328,983,120,728,641,1877,279
0127,Skiptvet,2009,357,304,914,151,356,327,971,112,713,631,1885,263
0127,Skiptvet,2010,349,315,936,153,359,318,998,113,708,633,1934,266
0127,Skiptvet,2011,366,293,955,153,374,318,1008,109,740,611,1963,262
0127,Skiptvet,2012,361,314,979,154,379,303,1033,108,740,617,2012,262
0127,Skiptvet,2013,359,337,980,152,365,318,1058,99,724,655,2038,251
0127,Skiptvet,2014,364,338,1003,148,369,328,1087,90,733,666,2090,238
0128,Rakkestad,1999,658,639,1872,394,641,736,1911,229,1299,1375,3783,623
0128,Rakkestad,2000,657,644,1871,401,635,718,1909,241,1292,1362,3780,642
0128,Rakkestad,2001,690,646,1882,412,636,736,1914,242,1326,1382,3796,654
0128,Rakkestad,2002,680,651,1888,400,650,710,1932,248,1330,1361,3820,648
0128,Rakkestad,2003,677,653,1907,407,671,684,1967,251,1348,1337,3874,658
0128,Rakkestad,2004,702,628,1927,394,686,669,1978,248,1388,1297,3905,642
0128,Rakkestad,2005,695,625,1948,395,698,679,2001,243,1393,1304,3949,638
0128,Rakkestad,2006,702,639,1977,404,702,672,2014,256,1404,1311,3991,660
0128,Rakkestad,2007,700,640,1997,402,701,680,2054,254,1401,1320,4051,656
0128,Rakkestad,2008,698,677,2016,400,716,666,2082,260,1414,1343,4098,660
0128,Rakkestad,2009,682,666,2009,404,710,662,2106,257,1392,1328,4115,661
0128,Rakkestad,2010,692,648,2025,405,697,668,2131,251,1389,1316,4156,656
0128,Rakkestad,2011,705,641,2065,399,703,663,2173,252,1408,1304,4238,651
0128,Rakkestad,2012,691,649,2105,403,698,679,2220,253,1389,1328,4325,656
0128,Rakkestad,2013,705,674,2145,396,710,696,2287,247,1415,1370,4432,643
0128,Rakkestad,2014,703,681,2178,403,741,683,2333,252,1444,1364,4511,655
0135,Råde,1999,569,570,1713,239,605,583,1683,155,1174,1153,3396,394
0135,Råde,2000,576,578,1726,262,627,584,1695,169,1203,1162,3421,431
0135,Råde,2001,575,571,1739,279,648,578,1710,175,1223,1149,3449,454
0135,Råde,2002,591,559,1783,284,676,560,1746,189,1267,1119,3529,473
0135,Råde,2003,592,512,1833,282,653,560,1760,188,1245,1072,3593,470
0135,Råde,2004,590,493,1835,290,648,565,1769,190,1238,1058,3604,480
0135,Råde,2005,585,501,1856,298,655,582,1785,203,1240,1083,3641,501
0135,Råde,2006,604,526,1862,309,626,587,1821,209,1230,1113,3683,518
0135,Råde,2007,612,503,1895,317,626,625,1862,214,1238,1128,3757,531
0135,Råde,2008,627,531,1933,324,648,625,1917,220,1275,1156,3850,544
0135,Råde,2009,595,529,1931,321,638,614,1950,212,1233,1143,3881,533
0135,Råde,2010,596,549,1954,321,645,629,1958,230,1241,1178,3912,551
0135,Råde,2011,605,550,1968,319,649,634,1976,245,1254,1184,3944,564
0135,Råde,2012,587,543,1987,333,656,624,2007,250,1243,1167,3994,583
0135,Råde,2013,560,574,2000,329,680,621,2031,258,1240,1195,4031,587
0135,Råde,2014,549,580,2004,340,694,630,2055,252,1243,1210,4059,592
0136,Rygge,1999,1298,1238,3598,526,1391,1203,3532,324,2689,2441,7130,850
0136,Rygge,2000,1310,1204,3677,552,1434,1192,3586,333,2744,2396,7263,885
0136,Rygge,2001,1336,1178,3733,569,1465,1171,3673,340,2801,2349,7406,909
0136,Rygge,2002,1327,1152,3769,592,1491,1168,3699,341,2818,2320,7468,933
0136,Rygge,2003,1372,1139,3839,593,1532,1189,3755,356,2904,2328,7594,949
0136,Rygge,2004,1336,1152,3885,592,1510,1157,3773,348,2846,2309,7658,940
0136,Rygge,2005,1327,1097,3925,606,1509,1128,3763,357,2836,2225,7688,963
0136,Rygge,2006,1337,1108,3958,614,1510,1124,3845,366,2847,2232,7803,980
0136,Rygge,2007,1323,1103,3960,611,1496,1116,3853,377,2819,2219,7813,988
0136,Rygge,2008,1312,1081,4014,619,1511,1118,3855,404,2823,2199,7869,1023
0136,Rygge,2009,1309,1079,4071,634,1486,1187,3931,408,2795,2266,8002,1042
0136,Rygge,2010,1319,1115,4104,645,1465,1246,3992,407,2784,2361,8096,1052
0136,Rygge,2011,1323,1138,4147,655,1442,1244,4062,415,2765,2382,8209,1070
0136,Rygge,2012,1332,1191,4197,661,1424,1307,4141,438,2756,2498,8338,1099
0136,Rygge,2013,1330,1258,4260,670,1402,1370,4206,471,2732,2628,8466,1141
0136,Rygge,2014,1325,1256,4282,695,1352,1418,4275,498,2677,2674,8557,1193
0137,Våler (Østfold),1999,396,314,1056,134,458,417,1082,76,854,731,2138,210
0137,Våler (Østfold),2000,433,329,1082,133,483,415,1108,76,916,744,2190,209
0137,Våler (Østfold),2001,428,340,1102,130,500,410,1121,82,928,750,2223,212
0137,Våler (Østfold),2002,438,330,1115,121,504,392,1146,80,942,722,2261,201
0137,Våler (Østfold),2003,410,313,1099,122,481,372,1119,86,891,685,2218,208
0137,Våler (Østfold),2004,413,294,1114,123,471,368,1134,86,884,662,2248,209
0137,Våler (Østfold),2005,419,280,1130,126,472,366,1140,87,891,646,2270,213
0137,Våler (Østfold),2006,416,290,1152,129,443,378,1183,80,859,668,2335,209
0137,Våler (Østfold),2007,434,311,1150,131,447,384,1218,77,881,695,2368,208
0137,Våler (Østfold),2008,422,365,1163,134,431,420,1249,84,853,785,2412,218
0137,Våler (Østfold),2009,449,378,1210,130,431,457,1293,89,880,835,2503,219
0137,Våler (Østfold),2010,438,379,1235,134,445,431,1321,89,883,810,2556,223
0137,Våler (Østfold),2011,437,391,1277,129,451,447,1347,94,888,838,2624,223
0137,Våler (Østfold),2012,458,405,1312,129,477,441,1389,94,935,846,2701,223
0137,Våler (Østfold),2013,468,406,1348,131,496,466,1444,98,964,872,2792,229
0137,Våler (Østfold),2014,497,413,1391,135,502,462,1474,104,999,875,2865,239
0138,Hobøl,1999,432,420,1139,138,484,429,1178,87,916,849,2317,225
0138,Hobøl,2000,431,403,1163,142,504,431,1210,82,935,834,2373,224
0138,Hobøl,2001,449,413,1204,135,529,430,1234,78,978,843,2438,213
0138,Hobøl,2002,468,381,1220,129,530,409,1238,80,998,790,2458,209
0138,Hobøl,2003,480,367,1240,127,517,395,1258,85,997,762,2498,212
0138,Hobøl,2004,492,381,1231,138,496,406,1277,83,988,787,2508,221
0138,Hobøl,2005,477,384,1268,142,488,403,1309,86,965,787,2577,228
0138,Hobøl,2006,463,372,1281,145,490,411,1313,89,953,783,2594,234
0138,Hobøl,2007,464,372,1296,140,488,411,1312,95,952,783,2608,235
0138,Hobøl,2008,460,387,1297,143,468,441,1330,96,928,828,2627,239
0138,Hobøl,2009,464,390,1318,146,460,440,1345,98,924,830,2663,244
0138,Hobøl,2010,453,404,1338,154,459,450,1385,99,912,854,2723,253
0138,Hobøl,2011,439,429,1366,152,465,469,1428,104,904,898,2794,256
0138,Hobøl,2012,449,434,1379,151,468,471,1449,110,917,905,2828,261
0138,Hobøl,2013,449,442,1389,158,456,505,1466,115,905,947,2855,273
0138,Hobøl,2014,475,481,1427,167,465,534,1517,121,940,1015,2944,288
0211,Vestby,1999,1161,1214,3066,344,1197,1304,3092,219,2358,2518,6158,563
0211,Vestby,2000,1186,1153,3181,361,1251,1282,3178,223,2437,2435,6359,584
0211,Vestby,2001,1261,1155,3334,364,1305,1239,3350,233,2566,2394,6684,597
0211,Vestby,2002,1283,1130,3481,358,1362,1202,3469,230,2645,2332,6950,588
0211,Vestby,2003,1322,1113,3566,361,1387,1186,3571,218,2709,2299,7137,579
0211,Vestby,2004,1355,1070,3644,368,1394,1159,3629,215,2749,2229,7273,583
0211,Vestby,2005,1356,1106,3675,369,1448,1123,3681,232,2804,2229,7356,601
0211,Vestby,2006,1354,1101,3784,375,1445,1133,3733,234,2799,2234,7517,609
0211,Vestby,2007,1410,1102,3851,377,1468,1145,3827,234,2878,2247,7678,611
0211,Vestby,2008,1479,1112,3962,392,1512,1133,4001,234,2991,2245,7963,626
0211,Vestby,2009,1498,1139,4063,386,1541,1160,4078,230,3039,2299,8141,616
0211,Vestby,2010,1525,1127,4175,391,1545,1163,4200,247,3070,2290,8375,638
0211,Vestby,2011,1552,1152,4276,391,1572,1215,4292,258,3124,2367,8568,649
0211,Vestby,2012,1580,1204,4395,399,1622,1247,4423,273,3202,2451,8818,672
0211,Vestby,2013,1599,1253,4504,414,1678,1283,4565,309,3277,2536,9069,723
0211,Vestby,2014,1643,1273,4616,432,1698,1295,4650,337,3341,2568,9266,769
0213,Ski,1999,2668,2445,6907,708,2993,2390,6678,428,5661,4835,13585,1136
0213,Ski,2000,2697,2371,7029,714,3026,2302,6813,442,5723,4673,13842,1156
0213,Ski,2001,2717,2361,7080,729,3022,2294,6881,452,5739,4655,13961,1181
0213,Ski,2002,2794,2273,7205,763,3012,2256,6995,465,5806,4529,14200,1228
0213,Ski,2003,2843,2240,7337,790,3053,2243,7156,493,5896,4483,14493,1283
0213,Ski,2004,2877,2252,7487,809,3103,2271,7256,533,5980,4523,14743,1342
0213,Ski,2005,2846,2238,7585,822,3091,2318,7332,568,5937,4556,14917,1390
0213,Ski,2006,2821,2277,7607,877,3077,2377,7373,601,5898,4654,14980,1478
0213,Ski,2007,2856,2203,7709,896,3077,2419,7450,637,5933,4622,15159,1533
0213,Ski,2008,2875,2221,7791,912,3051,2429,7546,654,5926,4650,15337,1566
0213,Ski,2009,2854,2292,7834,919,3009,2517,7611,663,5863,4809,15445,1582
0213,Ski,2010,2903,2311,7929,935,3030,2525,7717,673,5933,4836,15646,1608
0213,Ski,2011,2920,2395,8059,950,3077,2626,7877,683,5997,5021,15936,1633
0213,Ski,2012,2924,2428,8162,969,3088,2662,8054,683,6012,5090,16216,1652
0213,Ski,2013,2980,2505,8185,1001,3070,2742,8112,712,6050,5247,16297,1713
0213,Ski,2014,2985,2537,8233,1046,3081,2791,8148,721,6066,5328,16381,1767
0214,Ås,1999,1400,1230,3530,426,1508,1318,3567,281,2908,2548,7097,707
0214,Ås,2000,1459,1247,3590,435,1563,1306,3678,290,3022,2553,7268,725
0214,Ås,2001,1529,1208,3697,436,1627,1285,3762,294,3156,2493,7459,730
0214,Ås,2002,1549,1221,3763,450,1640,1303,3820,291,3189,2524,7583,741
0214,Ås,2003,1575,1223,3832,446,1657,1315,3875,304,3232,2538,7707,750
0214,Ås,2004,1588,1235,3872,463,1656,1305,3886,318,3244,2540,7758,781
0214,Ås,2005,1569,1238,3921,467,1659,1338,3960,320,3228,2576,7881,787
0214,Ås,2006,1540,1240,4001,478,1640,1312,3988,331,3180,2552,7989,809
0214,Ås,2007,1543,1305,4030,525,1636,1396,4088,350,3179,2701,8118,875
0214,Ås,2008,1556,1420,4085,539,1698,1440,4212,374,3254,2860,8297,913
0214,Ås,2009,1606,1494,4185,550,1691,1594,4362,381,3297,3088,8547,931
0214,Ås,2010,1608,1611,4297,559,1735,1710,4466,400,3343,3321,8763,959
0214,Ås,2011,1611,1629,4415,563,1728,1777,4582,428,3339,3406,8997,991
0214,Ås,2012,1632,1752,4534,584,1759,1880,4700,443,3391,3632,9234,1027
0214,Ås,2013,1655,1740,4630,598,1803,1876,4800,466,3458,3616,9430,1064
0214,Ås,2014,1708,1767,4704,612,1832,1914,4968,464,3540,3681,9672,1076
0215,Frogn,1999,1374,1125,3553,406,1421,1155,3463,251,2795,2280,7016,657
0215,Frogn,2000,1423,1056,3680,424,1444,1120,3549,276,2867,2176,7229,700
0215,Frogn,2001,1447,1018,3730,423,1432,1114,3580,276,2879,2132,7310,699
0215,Frogn,2002,1462,975,3744,433,1427,1068,3574,279,2889,2043,7318,712
0215,Frogn,2003,1464,969,3812,444,1445,1043,3657,282,2909,2012,7469,726
0215,Frogn,2004,1414,967,3875,440,1446,1029,3684,298,2860,1996,7559,738
0215,Frogn,2005,1410,983,3953,458,1443,1042,3757,312,2853,2025,7710,770
0215,Frogn,2006,1419,1027,4010,471,1468,1061,3825,304,2887,2088,7835,775
0215,Frogn,2007,1430,1052,4109,492,1470,1089,3925,323,2900,2141,8034,815
0215,Frogn,2008,1416,1107,4241,493,1488,1123,4042,335,2904,2230,8283,828
0215,Frogn,2009,1428,1132,4294,507,1458,1153,4125,338,2886,2285,8419,845
0215,Frogn,2010,1416,1135,4397,505,1460,1183,4181,345,2876,2318,8578,850
0215,Frogn,2011,1405,1194,4428,519,1445,1236,4232,355,2850,2430,8660,874
0215,Frogn,2012,1396,1280,4518,532,1445,1285,4319,379,2841,2565,8837,911
0215,Frogn,2013,1402,1291,4644,555,1472,1319,4402,384,2874,2610,9046,939
0215,Frogn,2014,1388,1278,4726,593,1467,1340,4479,400,2855,2618,9205,993
0216,Nesodden,1999,1752,1326,4192,410,1888,1337,3938,254,3640,2663,8130,664
0216,Nesodden,2000,1784,1328,4331,433,1925,1342,4040,265,3709,2670,8371,698
0216,Nesodden,2001,1781,1308,4378,435,1945,1327,4084,276,3726,2635,8462,711
0216,Nesodden,2002,1791,1314,4463,465,1944,1355,4151,294,3735,2669,8614,759
0216,Nesodden,2003,1809,1289,4561,462,1936,1346,4242,298,3745,2635,8803,760
0216,Nesodden,2004,1776,1287,4635,479,1943,1358,4300,296,3719,2645,8935,775
0216,Nesodden,2005,1752,1371,4672,496,1895,1393,4346,306,3647,2764,9018,802
0216,Nesodden,2006,1753,1418,4771,530,1884,1428,4435,322,3637,2846,9206,852
0216,Nesodden,2007,1778,1428,4832,547,1878,1467,4505,356,3656,2895,9337,903
0216,Nesodden,2008,1735,1430,4880,550,1857,1485,4571,360,3592,2915,9451,910
0216,Nesodden,2009,1729,1455,4986,564,1861,1510,4665,359,3590,2965,9651,923
0216,Nesodden,2010,1730,1477,5084,580,1858,1535,4728,356,3588,3012,9812,936
0216,Nesodden,2011,1747,1526,5124,580,1818,1548,4808,364,3565,3074,9932,944
0216,Nesodden,2012,1781,1523,5227,584,1828,1594,4896,376,3609,3117,10123,960
0216,Nesodden,2013,1784,1523,5304,602,1821,1607,4975,382,3605,3130,10279,984
0216,Nesodden,2014,1791,1534,5403,629,1866,1622,5052,400,3657,3156,10455,1029
0217,Oppegård,1999,2446,1998,6451,665,2629,1960,6224,432,5075,3958,12675,1097
0217,Oppegård,2000,2445,1961,6568,672,2618,1930,6297,462,5063,3891,12865,1134
0217,Oppegård,2001,2475,1906,6620,721,2581,1888,6313,502,5056,3794,12933,1223
0217,Oppegård,2002,2466,1870,6707,740,2606,1912,6340,511,5072,3782,13047,1251
0217,Oppegård,2003,2480,1835,6727,779,2597,1903,6396,526,5077,3738,13123,1305
0217,Oppegård,2004,2487,1826,6767,788,2596,1935,6399,545,5083,3761,13166,1333
0217,Oppegård,2005,2522,1794,6846,796,2631,1952,6487,558,5153,3746,13333,1354
0217,Oppegård,2006,2524,1826,6927,837,2623,2006,6564,590,5147,3832,13491,1427
0217,Oppegård,2007,2485,1881,6953,867,2565,2009,6618,615,5050,3890,13571,1482
0217,Oppegård,2008,2484,1909,6991,905,2540,2087,6643,642,5024,3996,13634,1547
0217,Oppegård,2009,2500,1994,7076,931,2544,2160,6740,667,5044,4154,13816,1598
0217,Oppegård,2010,2513,2037,7132,969,2521,2227,6820,663,5034,4264,13952,1632
0217,Oppegård,2011,2541,2041,7194,982,2503,2269,6891,651,5044,4310,14085,1633
0217,Oppegård,2012,2563,2068,7325,996,2565,2276,7054,673,5128,4344,14379,1669
0217,Oppegård,2013,2604,2076,7459,1026,2636,2308,7141,713,5240,4384,14600,1739
0217,Oppegård,2014,2608,2140,7513,1050,2638,2335,7229,742,5246,4475,14742,1792
0219,Bærum,1999,10569,8911,28037,4301,11115,8819,26195,2826,21684,17730,54232,7127
0219,Bærum,2000,10777,8804,28176,4479,11235,8761,26335,2927,22012,17565,54511,7406
0219,Bærum,2001,10798,8605,28204,4615,11285,8573,26264,2996,22083,17178,54468,7611
0219,Bærum,2002,10734,8470,28270,4755,11209,8612,26374,3073,21943,17082,54644,7828
0219,Bærum,2003,10831,8479,28568,4858,11330,8574,26773,3116,22161,17053,55341,7974
0219,Bærum,2004,10899,8462,28808,5000,11377,8617,26933,3217,22276,17079,55741,8217
0219,Bærum,2005,10979,8591,29103,5137,11501,8697,27379,3303,22480,17288,56482,8440
0219,Bærum,2006,10969,8743,29441,5275,11503,8814,27822,3361,22472,17557,57263,8636
0219,Bærum,2007,11000,8747,29670,5354,11612,8889,28273,3387,22612,17636,57943,8741
0219,Bærum,2008,11029,8919,29951,5344,11644,9125,28775,3357,22673,18044,58726,8701
0219,Bærum,2009,11066,9107,30395,5350,11739,9341,29301,3401,22805,18448,59696,8751
0219,Bærum,2010,11146,9317,30820,5348,11917,9491,29759,3415,23063,18808,60579,8763
0219,Bærum,2011,11243,9501,31318,5324,11998,9692,30283,3430,23241,19193,61601,8754
0219,Bærum,2012,11353,9632,31685,5349,12087,9935,31006,3442,23440,19567,62691,8791
0219,Bærum,2013,11605,9807,32329,5319,12231,10182,31786,3418,23836,19989,64115,8737
0219,Bærum,2014,11827,9998,32917,5379,12381,10225,32446,3415,24208,20223,65363,8794
0220,Asker,1999,5281,4391,13389,1415,5504,4583,12865,969,10785,8974,26254,2384
0220,Asker,2000,5526,4295,13715,1500,5660,4432,13110,1046,11186,8727,26825,2546
0220,Asker,2001,5620,4273,13784,1577,5670,4434,13195,1108,11290,8707,26979,2685
0220,Asker,2002,5631,4227,13937,1652,5734,4327,13323,1159,11365,8554,27260,2811
0220,Asker,2003,5665,4170,14068,1713,5741,4279,13460,1194,11406,8449,27528,2907
0220,Asker,2004,5688,4169,14158,1780,5733,4309,13564,1250,11421,8478,27722,3030
0220,Asker,2005,5649,4174,14314,1805,5709,4293,13609,1305,11358,8467,27923,3110
0220,Asker,2006,5737,4226,14473,1880,5738,4354,13726,1350,11475,8580,28199,3230
0220,Asker,2007,5716,4309,14609,1944,5724,4474,14023,1411,11440,8783,28632,3355
0220,Asker,2008,5714,4397,14774,1986,5726,4607,14272,1446,11440,9004,29046,3432
0220,Asker,2009,5732,4594,14936,2000,5756,4718,14560,1460,11488,9312,29496,3460
0220,Asker,2010,5728,4692,15202,2041,5832,4839,14814,1475,11560,9531,30016,3516
0220,Asker,2011,5681,4851,15335,2089,5871,4949,15027,1481,11552,9800,30362,3570
0220,Asker,2012,5705,5021,15649,2135,5948,5062,15429,1498,11653,10083,31078,3633
0220,Asker,2013,5779,5104,15858,2194,5944,5229,15772,1538,11723,10333,31630,3732
0220,Asker,2014,5864,5168,16121,2279,5989,5250,16078,1589,11853,10418,32199,3868
0221,Aurskog-Høland,1999,1141,1082,3321,614,1188,1198,3465,433,2329,2280,6786,1047
0221,Aurskog-Høland,2000,1170,1066,3368,648,1197,1169,3519,424,2367,2235,6887,1072
0221,Aurskog-Høland,2001,1180,1074,3415,656,1237,1141,3568,430,2417,2215,6983,1086
0221,Aurskog-Høland,2002,1211,1085,3507,680,1296,1089,3687,442,2507,2174,7194,1122
0221,Aurskog-Høland,2003,1216,1057,3565,674,1310,1055,3738,452,2526,2112,7303,1126
0221,Aurskog-Høland,2004,1240,1048,3624,675,1312,1045,3790,465,2552,2093,7414,1140
0221,Aurskog-Høland,2005,1251,1035,3672,667,1335,1020,3843,452,2586,2055,7515,1119
0221,Aurskog-Høland,2006,1247,1050,3723,652,1313,1051,3897,446,2560,2101,7620,1098
0221,Aurskog-Høland,2007,1274,1043,3801,659,1306,1098,3947,459,2580,2141,7748,1118
0221,Aurskog-Høland,2008,1276,1126,3892,650,1329,1172,4084,466,2605,2298,7976,1116
0221,Aurskog-Høland,2009,1311,1152,3953,646,1330,1173,4127,466,2641,2325,8080,1112
0221,Aurskog-Høland,2010,1269,1187,4007,624,1332,1248,4165,462,2601,2435,8172,1086
0221,Aurskog-Høland,2011,1299,1233,4087,637,1345,1298,4271,462,2644,2531,8358,1099
0221,Aurskog-Høland,2012,1316,1245,4166,647,1348,1321,4403,459,2664,2566,8569,1106
0221,Aurskog-Høland,2013,1338,1281,4269,650,1350,1373,4521,478,2688,2654,8790,1128
0221,Aurskog-Høland,2014,1352,1300,4343,661,1355,1409,4589,491,2707,2709,8932,1152
0226,Sørum,1999,1229,1038,3222,402,1383,1073,3347,276,2612,2111,6569,678
0226,Sørum,2000,1231,1055,3274,404,1412,1108,3377,272,2643,2163,6651,676
0226,Sørum,2001,1250,1036,3315,419,1439,1090,3425,288,2689,2126,6740,707
0226,Sørum,2002,1274,985,3411,419,1443,1068,3496,290,2717,2053,6907,709
0226,Sørum,2003,1301,1003,3516,415,1418,1059,3554,305,2719,2062,7070,720
0226,Sørum,2004,1329,1061,3544,423,1440,1079,3575,317,2769,2140,7119,740
0226,Sørum,2005,1334,1056,3620,431,1448,1093,3626,317,2782,2149,7246,748
0226,Sørum,2006,1383,1078,3732,451,1475,1161,3756,331,2858,2239,7488,782
0226,Sørum,2007,1411,1136,3832,463,1515,1231,3882,337,2926,2367,7714,800
0226,Sørum,2008,1457,1192,3939,468,1543,1305,4034,341,3000,2497,7973,809
0226,Sørum,2009,1534,1244,4091,482,1627,1408,4211,345,3161,2652,8302,827
0226,Sørum,2010,1608,1296,4192,489,1674,1430,4326,354,3282,2726,8518,843
0226,Sørum,2011,1676,1306,4256,503,1744,1395,4441,365,3420,2701,8697,868
0226,Sørum,2012,1727,1356,4372,510,1754,1438,4566,368,3481,2794,8938,878
0226,Sørum,2013,1760,1352,4441,505,1779,1444,4702,380,3539,2796,9143,885
0226,Sørum,2014,1791,1459,4568,530,1843,1530,4818,379,3634,2989,9386,909
0227,Fet,1999,946,776,2489,274,988,822,2560,182,1934,1598,5049,456
0227,Fet,2000,977,771,2575,281,1000,817,2658,192,1977,1588,5233,473
0227,Fet,2001,984,771,2620,287,1010,818,2683,198,1994,1589,5303,485
0227,Fet,2002,978,765,2610,290,991,787,2686,220,1969,1552,5296,510
0227,Fet,2003,981,734,2655,290,976,787,2709,229,1957,1521,5364,519
0227,Fet,2004,991,744,2687,295,998,781,2763,226,1989,1525,5450,521
0227,Fet,2005,966,763,2723,303,1003,812,2762,235,1969,1575,5485,538
0227,Fet,2006,994,768,2782,299,1002,839,2820,230,1996,1607,5602,529
0227,Fet,2007,990,790,2788,308,1013,827,2847,236,2003,1617,5635,544
0227,Fet,2008,985,838,2798,309,1012,864,2910,247,1997,1702,5708,556
0227,Fet,2009,994,865,2836,331,1020,880,2968,245,2014,1745,5804,576
0227,Fet,2010,979,886,2878,326,1023,876,3020,250,2002,1762,5898,576
0227,Fet,2011,983,914,2937,329,1066,892,3061,249,2049,1806,5998,578
0227,Fet,2012,986,897,2991,337,1084,943,3133,255,2070,1840,6124,592
0227,Fet,2013,982,896,3047,345,1110,947,3213,270,2092,1843,6260,615
0227,Fet,2014,1025,914,3091,361,1102,1006,3266,283,2127,1920,6357,644
0228,Rælingen,1999,1449,1557,3955,335,1453,1529,3885,210,2902,3086,7840,545
0228,Rælingen,2000,1481,1508,4037,347,1471,1463,3980,206,2952,2971,8017,553
0228,Rælingen,2001,1484,1504,4117,357,1485,1462,4031,219,2969,2966,8148,576
0228,Rælingen,2002,1492,1444,4148,357,1487,1412,4070,221,2979,2856,8218,578
0228,Rælingen,2003,1482,1409,4156,380,1501,1408,4116,227,2983,2817,8272,607
0228,Rælingen,2004,1436,1403,4223,387,1530,1325,4184,232,2966,2728,8407,619
0228,Rælingen,2005,1429,1428,4238,396,1502,1342,4207,255,2931,2770,8445,651
0228,Rælingen,2006,1417,1426,4293,394,1483,1349,4230,265,2900,2775,8523,659
0228,Rælingen,2007,1375,1450,4376,403,1494,1368,4318,278,2869,2818,8694,681
0228,Rælingen,2008,1397,1429,4391,400,1487,1409,4303,296,2884,2838,8694,696
0228,Rælingen,2009,1427,1445,4432,395,1526,1434,4384,302,2953,2879,8816,697
0228,Rælingen,2010,1482,1468,4464,397,1566,1425,4483,306,3048,2893,8947,703
0228,Rælingen,2011,1543,1527,4538,408,1585,1466,4532,321,3128,2993,9070,729
0228,Rælingen,2012,1495,1498,4641,423,1645,1488,4654,326,3140,2986,9295,749
0228,Rælingen,2013,1521,1535,4680,434,1703,1508,4700,339,3224,3043,9380,773
0228,Rælingen,2014,1594,1537,4789,438,1755,1562,4795,336,3349,3099,9584,774
0229,Enebakk,1999,884,829,2245,208,959,899,2340,141,1843,1728,4585,349
0229,Enebakk,2000,898,833,2310,202,984,885,2423,145,1882,1718,4733,347
0229,Enebakk,2001,958,836,2380,211,1006,886,2504,150,1964,1722,4884,361
0229,Enebakk,2002,956,812,2433,221,991,856,2546,150,1947,1668,4979,371
0229,Enebakk,2003,980,811,2492,224,1003,829,2622,150,1983,1640,5114,374
0229,Enebakk,2004,990,790,2558,223,1023,832,2667,150,2013,1622,5225,373
0229,Enebakk,2005,979,757,2636,220,1029,833,2688,155,2008,1590,5324,375
0229,Enebakk,2006,994,772,2666,228,1040,840,2751,151,2034,1612,5417,379
0229,Enebakk,2007,1007,820,2693,238,1072,870,2801,159,2079,1690,5494,397
0229,Enebakk,2008,1025,846,2751,247,1081,899,2882,162,2106,1745,5633,409
0229,Enebakk,2009,1077,859,2822,249,1124,895,2957,170,2201,1754,5779,419
0229,Enebakk,2010,1073,856,2824,252,1113,938,2956,164,2186,1794,5780,416
0229,Enebakk,2011,1068,867,2861,248,1118,911,3015,174,2186,1778,5876,422
0229,Enebakk,2012,1106,891,2906,246,1138,955,3055,190,2244,1846,5961,436
0229,Enebakk,2013,1106,889,2933,259,1125,964,3098,186,2231,1853,6031,445
0229,Enebakk,2014,1078,916,2984,261,1119,945,3139,184,2197,1861,6123,445
0230,Lørenskog,1999,2898,2930,8205,753,3041,3003,7940,437,5939,5933,16145,1190
0230,Lørenskog,2000,2936,2867,8332,776,3127,2915,8094,458,6063,5782,16426,1234
0230,Lørenskog,2001,2958,2741,8436,809,3170,2846,8210,486,6128,5587,16646,1295
0230,Lørenskog,2002,2980,2662,8555,841,3190,2794,8300,512,6170,5456,16855,1353
0230,Lørenskog,2003,3067,2668,8689,864,3244,2723,8423,542,6311,5391,17112,1406
0230,Lørenskog,2004,3057,2658,8795,873,3333,2698,8505,577,6390,5356,17300,1450
0230,Lørenskog,2005,3078,2625,8846,906,3322,2695,8624,579,6400,5320,17470,1485
0230,Lørenskog,2006,3047,2624,8961,945,3318,2711,8728,595,6365,5335,17689,1540
0230,Lørenskog,2007,3054,2658,9063,968,3360,2761,8880,621,6414,5419,17943,1589
0230,Lørenskog,2008,3099,2690,9181,1009,3391,2830,9004,649,6490,5520,18185,1658
0230,Lørenskog,2009,3116,2676,9353,1041,3421,2898,9130,665,6537,5574,18483,1706
0230,Lørenskog,2010,3141,2749,9475,1053,3386,2954,9288,684,6527,5703,18763,1737
0230,Lørenskog,2011,3161,2827,9567,1054,3451,3050,9488,710,6612,5877,19055,1764
0230,Lørenskog,2012,3149,2932,9608,1083,3395,3119,9686,737,6544,6051,19294,1820
0230,Lørenskog,2013,3179,2974,9781,1099,3435,3220,9859,773,6614,6194,19640,1872
0230,Lørenskog,2014,3176,3054,9888,1137,3424,3244,9975,799,6600,6298,19863,1936
0231,Skedsmo,1999,3622,3623,10491,1525,3958,3778,10359,833,7580,7401,20850,2358
0231,Skedsmo,2000,3772,3545,10689,1561,4062,3682,10557,833,7834,7227,21246,2394
0231,Skedsmo,2001,3827,3463,10826,1599,4163,3643,10770,864,7990,7106,21596,2463
0231,Skedsmo,2002,3977,3501,11125,1616,4240,3652,11031,892,8217,7153,22156,2508
0231,Skedsmo,2003,4051,3520,11360,1625,4359,3647,11200,914,8410,7167,22560,2539
0231,Skedsmo,2004,4174,3558,11572,1642,4422,3602,11452,937,8596,7160,23024,2579
0231,Skedsmo,2005,4267,3587,11790,1684,4438,3631,11707,990,8705,7218,23497,2674
0231,Skedsmo,2006,4371,3700,12115,1719,4547,3785,11929,1035,8918,7485,24044,2754
0231,Skedsmo,2007,4492,3847,12493,1718,4651,4020,12295,1061,9143,7867,24788,2779
0231,Skedsmo,2008,4613,4041,12881,1749,4781,4221,12760,1100,9394,8262,25641,2849
0231,Skedsmo,2009,4622,4115,13003,1747,4755,4342,12958,1126,9377,8457,25961,2873
0231,Skedsmo,2010,4658,4261,13318,1770,4833,4441,13297,1145,9491,8702,26615,2915
0231,Skedsmo,2011,4660,4444,13566,1823,4831,4694,13564,1170,9491,9138,27130,2993
0231,Skedsmo,2012,4678,4536,13779,1855,4914,4834,13925,1177,9592,9370,27704,3032
0231,Skedsmo,2013,4744,4631,13998,1883,4936,4905,14241,1194,9680,9536,28239,3077
0231,Skedsmo,2014,4743,4767,14193,1927,4973,4942,14413,1230,9716,9709,28606,3157
0233,Nittedal,1999,2035,1700,4968,418,2109,1783,4982,259,4144,3483,9950,677
0233,Nittedal,2000,2122,1681,5099,434,2182,1722,5138,261,4304,3403,10237,695
0233,Nittedal,2001,2161,1642,5245,445,2236,1674,5269,270,4397,3316,10514,715
0233,Nittedal,2002,2236,1587,5365,449,2272,1616,5387,273,4508,3203,10752,722
0233,Nittedal,2003,2209,1569,5436,447,2315,1561,5482,281,4524,3130,10918,728
0233,Nittedal,2004,2248,1523,5507,478,2311,1530,5548,295,4559,3053,11055,773
0233,Nittedal,2005,2254,1507,5599,486,2276,1531,5621,304,4530,3038,11220,790
0233,Nittedal,2006,2236,1509,5656,502,2268,1570,5662,319,4504,3079,11318,821
0233,Nittedal,2007,2224,1545,5743,509,2268,1629,5706,344,4492,3174,11449,853
0233,Nittedal,2008,2267,1573,5825,512,2276,1699,5746,358,4543,3272,11571,870
0233,Nittedal,2009,2317,1602,5905,531,2278,1731,5830,361,4595,3333,11735,892
0233,Nittedal,2010,2334,1621,6031,551,2321,1766,5933,382,4655,3387,11964,933
0233,Nittedal,2011,2330,1691,6055,568,2299,1835,5994,393,4629,3526,12049,961
0233,Nittedal,2012,2311,1721,6112,581,2271,1900,6134,424,4582,3621,12246,1005
0233,Nittedal,2013,2337,1772,6243,604,2283,1988,6297,447,4620,3760,12540,1051
0233,Nittedal,2014,2343,1839,6329,626,2336,2024,6433,455,4679,3863,12762,1081
0234,Gjerdrum,1999,483,409,1175,137,517,436,1221,74,1000,845,2396,211
0234,Gjerdrum,2000,503,409,1204,135,546,438,1241,78,1049,847,2445,213
0234,Gjerdrum,2001,508,424,1226,136,573,431,1283,75,1081,855,2509,211
0234,Gjerdrum,2002,520,422,1274,131,594,439,1322,76,1114,861,2596,207
0234,Gjerdrum,2003,551,402,1314,135,600,424,1362,89,1151,826,2676,224
0234,Gjerdrum,2004,549,401,1352,131,610,439,1394,88,1159,840,2746,219
0234,Gjerdrum,2005,554,392,1392,135,642,437,1423,89,1196,829,2815,224
0234,Gjerdrum,2006,570,401,1442,143,651,462,1456,89,1221,863,2898,232
0234,Gjerdrum,2007,590,405,1480,154,677,463,1485,99,1267,868,2965,253
0234,Gjerdrum,2008,583,401,1510,160,674,490,1542,104,1257,891,3052,264
0234,Gjerdrum,2009,594,409,1548,167,668,495,1572,114,1262,904,3120,281
0234,Gjerdrum,2010,618,427,1581,177,692,519,1681,126,1310,946,3262,303
0234,Gjerdrum,2011,625,443,1634,178,708,545,1729,128,1333,988,3363,306
0234,Gjerdrum,2012,605,478,1677,182,707,582,1789,132,1312,1060,3466,314
0234,Gjerdrum,2013,618,486,1720,188,696,595,1821,140,1314,1081,3541,328
0234,Gjerdrum,2014,594,500,1750,190,695,578,1832,153,1289,1078,3582,343
0235,Ullensaker,1999,1861,1965,5361,626,2013,1947,5449,381,3874,3912,10810,1007
0235,Ullensaker,2000,1945,1968,5530,643,2121,1902,5657,394,4066,3870,11187,1037
0235,Ullensaker,2001,2046,1982,5788,663,2226,1951,5917,414,4272,3933,11705,1077
0235,Ullensaker,2002,2199,2013,6087,699,2377,1999,6141,427,4576,4012,12228,1126
0235,Ullensaker,2003,2364,2060,6388,696,2529,2024,6411,459,4893,4084,12799,1155
0235,Ullensaker,2004,2478,2109,6658,706,2622,2069,6673,469,5100,4178,13331,1175
0235,Ullensaker,2005,2600,2181,6856,731,2734,2088,6863,503,5334,4269,13719,1234
0235,Ullensaker,2006,2661,2223,7062,748,2822,2195,7034,524,5483,4418,14096,1272
0235,Ullensaker,2007,2757,2260,7226,775,2917,2221,7260,550,5674,4481,14486,1325
0235,Ullensaker,2008,2870,2362,7474,802,2994,2334,7531,567,5864,4696,15005,1369
0235,Ullensaker,2009,2991,2513,7743,822,3114,2470,7898,587,6105,4983,15641,1409
0235,Ullensaker,2010,3079,2620,7989,821,3239,2579,8165,596,6318,5199,16154,1417
0235,Ullensaker,2011,3215,2706,8217,832,3393,2691,8433,594,6608,5397,16650,1426
0235,Ullensaker,2012,3340,2788,8455,843,3417,2890,8685,626,6757,5678,17140,1469
0235,Ullensaker,2013,3419,2855,8615,871,3481,2960,8893,649,6900,5815,17508,1520
0235,Ullensaker,2014,3465,2903,8816,901,3486,3086,9086,695,6951,5989,17902,1596
0236,Nes (Akershus),1999,1570,1427,4361,678,1660,1538,4432,480,3230,2965,8793,1158
0236,Nes (Akershus),2000,1581,1390,4422,693,1703,1508,4490,501,3284,2898,8912,1194
0236,Nes (Akershus),2001,1693,1455,4581,712,1773,1565,4655,504,3466,3020,9236,1216
0236,Nes (Akershus),2002,1761,1457,4734,702,1911,1557,4836,500,3672,3014,9570,1202
0236,Nes (Akershus),2003,1775,1455,4832,703,1985,1546,4977,492,3760,3001,9809,1195
0236,Nes (Akershus),2004,1795,1482,4902,716,1948,1566,5026,496,3743,3048,9928,1212
0236,Nes (Akershus),2005,1802,1472,4959,709,1987,1532,5057,507,3789,3004,10016,1216
0236,Nes (Akershus),2006,1792,1462,4978,725,1899,1561,5099,506,3691,3023,10077,1231
0236,Nes (Akershus),2007,1799,1488,5030,736,1887,1598,5168,513,3686,3086,10198,1249
0236,Nes (Akershus),2008,1771,1550,5121,747,1862,1688,5246,525,3633,3238,10367,1272
0236,Nes (Akershus),2009,1730,1582,5190,758,1845,1705,5318,501,3575,3287,10508,1259
0236,Nes (Akershus),2010,1737,1615,5260,753,1807,1762,5382,511,3544,3377,10642,1264
0236,Nes (Akershus),2011,1770,1597,5341,751,1809,1792,5477,512,3579,3389,10818,1263
0236,Nes (Akershus),2012,1748,1678,5444,748,1820,1884,5630,510,3568,3562,11074,1258
0236,Nes (Akershus),2013,1786,1724,5552,748,1826,1938,5737,508,3612,3662,11289,1256
0236,Nes (Akershus),2014,1786,1773,5674,756,1811,1968,5886,510,3597,3741,11560,1266
0237,Eidsvoll,1999,1538,1616,4614,855,1719,1720,4657,484,3257,3336,9271,1339
0237,Eidsvoll,2000,1594,1607,4701,874,1769,1730,4762,487,3363,3337,9463,1361
0237,Eidsvoll,2001,1613,1554,4797,864,1836,1705,4841,511,3449,3259,9638,1375
0237,Eidsvoll,2002,1646,1546,4907,862,1891,1699,4957,527,3537,3245,9864,1389
0237,Eidsvoll,2003,1648,1546,4972,847,1856,1670,5035,509,3504,3216,10007,1356
0237,Eidsvoll,2004,1693,1521,5104,830,1884,1694,5108,504,3577,3215,10212,1334
0237,Eidsvoll,2005,1717,1543,5201,827,1878,1723,5231,517,3595,3266,10432,1344
0237,Eidsvoll,2006,1746,1591,5259,854,1896,1698,5359,520,3642,3289,10618,1374
0237,Eidsvoll,2007,1793,1611,5388,848,1948,1733,5487,526,3741,3344,10875,1374
0237,Eidsvoll,2008,1852,1719,5540,833,1981,1819,5646,526,3833,3538,11186,1359
0237,Eidsvoll,2009,1883,1746,5673,828,2057,1811,5794,529,3940,3557,11467,1357
0237,Eidsvoll,2010,1914,1777,5778,809,2109,1867,5925,510,4023,3644,11703,1319
0237,Eidsvoll,2011,1963,1783,5932,798,2170,1950,6020,512,4133,3733,11952,1310
0237,Eidsvoll,2012,2002,1865,6074,789,2176,2044,6175,496,4178,3909,12249,1285
0237,Eidsvoll,2013,2034,1905,6224,797,2224,2069,6384,505,4258,3974,12608,1302
0237,Eidsvoll,2014,2105,1972,6384,795,2306,2051,6564,512,4411,4023,12948,1307
0238,Nannestad,1999,862,839,2280,348,936,841,2311,236,1798,1680,4591,584
0238,Nannestad,2000,912,848,2367,356,987,862,2398,237,1899,1710,4765,593
0238,Nannestad,2001,959,849,2457,343,1036,835,2481,231,1995,1684,4938,574
0238,Nannestad,2002,1000,857,2512,345,1069,866,2553,234,2069,1723,5065,579
0238,Nannestad,2003,1085,830,2613,344,1111,888,2658,222,2196,1718,5271,566
0238,Nannestad,2004,1111,854,2690,341,1125,855,2742,225,2236,1709,5432,566
0238,Nannestad,2005,1101,876,2748,345,1143,890,2805,233,2244,1766,5553,578
0238,Nannestad,2006,1120,888,2781,354,1152,890,2900,236,2272,1778,5681,590
0238,Nannestad,2007,1128,937,2836,369,1149,921,2967,229,2277,1858,5803,598
0238,Nannestad,2008,1107,928,2893,365,1178,930,3026,230,2285,1858,5919,595
0238,Nannestad,2009,1148,925,2934,354,1161,977,3076,225,2309,1902,6010,579
0238,Nannestad,2010,1173,966,2949,356,1147,1003,3106,227,2320,1969,6055,583
0238,Nannestad,2011,1186,982,3016,336,1147,1032,3207,222,2333,2014,6223,558
0238,Nannestad,2012,1171,983,3088,333,1171,1086,3291,239,2342,2069,6379,572
0238,Nannestad,2013,1168,982,3142,336,1182,1102,3357,236,2350,2084,6499,572
0238,Nannestad,2014,1171,994,3208,342,1194,1135,3436,227,2365,2129,6644,569
0239,Hurdal,1999,223,243,676,162,266,262,705,99,489,505,1381,261
0239,Hurdal,2000,220,238,686,162,273,259,706,104,493,497,1392,266
0239,Hurdal,2001,216,224,690,168,276,260,710,98,492,484,1400,266
0239,Hurdal,2002,215,206,698,174,270,242,718,101,485,448,1416,275
0239,Hurdal,2003,226,202,710,166,288,229,739,104,514,431,1449,270
0239,Hurdal,2004,222,209,725,167,275,226,754,101,497,435,1479,268
0239,Hurdal,2005,220,188,711,160,263,212,748,100,483,400,1459,260
0239,Hurdal,2006,220,190,715,154,261,219,750,102,481,409,1465,256
0239,Hurdal,2007,211,186,720,151,256,225,747,98,467,411,1467,249
0239,Hurdal,2008,206,178,730,151,252,213,750,101,458,391,1480,252
0239,Hurdal,2009,215,192,742,146,257,222,741,106,472,414,1483,252
0239,Hurdal,2010,209,198,744,146,243,228,740,109,452,426,1484,255
0239,Hurdal,2011,205,189,748,147,243,228,758,101,448,417,1506,248
0239,Hurdal,2012,215,205,744,140,248,238,763,104,463,443,1507,244
0239,Hurdal,2013,216,219,752,141,240,247,764,106,456,466,1516,247
0239,Hurdal,2014,209,213,756,142,239,251,776,109,448,464,1532,251
0301,Oslo kommune,1999,41350,55278,135329,28682,43236,51552,134228,13212,84586,106830,269557,41894
0301,Oslo kommune,2000,41725,55619,136711,28300,43808,52068,136011,13225,85533,107687,272722,41525
0301,Oslo kommune,2001,41846,55281,137007,27985,43774,52385,137212,13236,85620,107666,274219,41221
0301,Oslo kommune,2002,41995,55554,138141,27487,43974,53103,139112,13223,85969,108657,277253,40710
0301,Oslo kommune,2003,42530,56018,140168,26705,44602,52760,141539,13079,87132,108778,281707,39784
0301,Oslo kommune,2004,43341,55990,142071,26138,45407,52402,143587,12950,88748,108392,285658,39088
0301,Oslo kommune,2005,44116,57061,144623,25648,46303,53003,146289,12803,90419,110064,290912,38451
0301,Oslo kommune,2006,44998,58385,146724,25240,47271,53795,149270,12728,92269,112180,295994,37968
0301,Oslo kommune,2007,45927,60458,148830,24717,48114,55754,152129,12688,94041,116212,300959,37405
0301,Oslo kommune,2008,46640,62957,150754,24182,48971,58623,155769,12588,95611,121580,306523,36770
0301,Oslo kommune,2009,48032,65142,154177,23617,50519,60956,160603,12429,98551,126098,314780,36046
0301,Oslo kommune,2010,49600,66640,157583,23024,51884,61992,163876,12261,101484,128632,321459,35285
0301,Oslo kommune,2011,50692,68549,160739,22578,52729,64227,167626,12090,103421,132776,328365,34668
0301,Oslo kommune,2012,51593,70738,164233,22115,53745,66820,172002,12039,105338,137558,336235,34154
0301,Oslo kommune,2013,52335,72426,167107,21688,54631,68204,175554,12021,106966,140630,342661,33709
0301,Oslo kommune,2014,53048,73807,170078,21386,55350,69123,179488,12183,108398,142930,349566,33569
0402,Kongsvinger,1999,1468,1611,4938,847,1522,1676,4678,514,2990,3287,9616,1361
0402,Kongsvinger,2000,1492,1558,4995,868,1542,1638,4733,523,3034,3196,9728,1391
0402,Kongsvinger,2001,1485,1522,5041,881,1575,1595,4756,546,3060,3117,9797,1427
0402,Kongsvinger,2002,1500,1473,5082,878,1533,1561,4808,531,3033,3034,9890,1409
0402,Kongsvinger,2003,1505,1447,5116,886,1550,1497,4811,536,3055,2944,9927,1422
0402,Kongsvinger,2004,1512,1418,5159,886,1567,1469,4831,538,3079,2887,9990,1424
0402,Kongsvinger,2005,1450,1394,5147,905,1560,1448,4847,528,3010,2842,9994,1433
0402,Kongsvinger,2006,1457,1362,5155,901,1499,1456,4836,558,2956,2818,9991,1459
0402,Kongsvinger,2007,1443,1397,5159,890,1458,1475,4871,543,2901,2872,10030,1433
0402,Kongsvinger,2008,1438,1396,5176,897,1469,1491,4937,557,2907,2887,10113,1454
0402,Kongsvinger,2009,1407,1408,5165,895,1456,1463,4956,576,2863,2871,10121,1471
0402,Kongsvinger,2010,1421,1391,5203,890,1465,1486,4942,579,2886,2877,10145,1469
0402,Kongsvinger,2011,1399,1435,5206,901,1459,1509,4959,568,2858,2944,10165,1469
0402,Kongsvinger,2012,1373,1446,5270,904,1455,1512,4998,564,2828,2958,10268,1468
0402,Kongsvinger,2013,1371,1440,5322,881,1446,1579,5017,582,2817,3019,10339,1463
0402,Kongsvinger,2014,1419,1445,5352,889,1419,1635,5058,608,2838,3080,10410,1497
0403,Hamar,1999,2189,2351,7604,1650,2387,2381,6940,922,4576,4732,14544,2572
0403,Hamar,2000,2167,2358,7589,1693,2412,2347,7036,943,4579,4705,14625,2636
0403,Hamar,2001,2172,2356,7685,1719,2427,2401,7101,974,4599,4757,14786,2693
0403,Hamar,2002,2211,2355,7714,1713,2418,2430,7146,965,4629,4785,14860,2678
0403,Hamar,2003,2250,2325,7774,1733,2440,2419,7222,957,4690,4744,14996,2690
0403,Hamar,2004,2218,2329,7849,1743,2444,2405,7274,983,4662,4734,15123,2726
0403,Hamar,2005,2225,2321,7877,1785,2424,2474,7325,1008,4649,4795,15202,2793
0403,Hamar,2006,2199,2356,7883,1825,2383,2524,7387,1036,4582,4880,15270,2861
0403,Hamar,2007,2178,2421,7968,1820,2395,2611,7461,1055,4573,5032,15429,2875
0403,Hamar,2008,2156,2420,7972,1830,2383,2610,7545,1060,4539,5030,15517,2890
0403,Hamar,2009,2181,2446,8039,1832,2401,2664,7605,1043,4582,5110,15644,2875
0403,Hamar,2010,2194,2429,8065,1833,2414,2696,7686,1027,4608,5125,15751,2860
0403,Hamar,2011,2230,2512,8173,1820,2421,2726,7775,1005,4651,5238,15948,2825
0403,Hamar,2012,2208,2591,8277,1794,2494,2802,7875,1004,4702,5393,16152,2798
0403,Hamar,2013,2248,2641,8402,1736,2517,2850,7947,1012,4765,5491,16349,2748
0403,Hamar,2014,2213,2616,8508,1724,2502,2885,8057,1015,4715,5501,16565,2739
0412,Ringsaker,1999,2961,2818,8448,1522,3117,2988,8608,1054,6078,5806,17056,2576
0412,Ringsaker,2000,3009,2762,8470,1569,3164,2939,8661,1048,6173,5701,17131,2617
0412,Ringsaker,2001,2996,2692,8552,1564,3256,2865,8739,1056,6252,5557,17291,2620
0412,Ringsaker,2002,3028,2604,8563,1608,3239,2818,8764,1077,6267,5422,17327,2685
0412,Ringsaker,2003,3014,2592,8662,1616,3218,2788,8871,1069,6232,5380,17533,2685
0412,Ringsaker,2004,3023,2538,8710,1600,3179,2712,8931,1039,6202,5250,17641,2639
0412,Ringsaker,2005,3039,2523,8774,1588,3164,2725,8946,1065,6203,5248,17720,2653
0412,Ringsaker,2006,3005,2559,8824,1588,3156,2768,8933,1090,6161,5327,17757,2678
0412,Ringsaker,2007,2979,2632,8859,1555,3088,2829,8936,1096,6067,5461,17795,2651
0412,Ringsaker,2008,2945,2702,8881,1561,3068,2892,9010,1085,6013,5594,17891,2646
0412,Ringsaker,2009,2950,2737,8979,1543,3093,2928,9076,1096,6043,5665,18055,2639
0412,Ringsaker,2010,2926,2782,8990,1540,3090,2941,9158,1097,6016,5723,18148,2637
0412,Ringsaker,2011,2938,2790,9083,1522,3098,3054,9259,1098,6036,5844,18342,2620
0412,Ringsaker,2012,2885,2924,9164,1537,3076,3102,9412,1091,5961,6026,18576,2628
0412,Ringsaker,2013,2855,2930,9267,1535,3055,3140,9536,1088,5910,6070,18803,2623
0412,Ringsaker,2014,2818,2947,9339,1536,3026,3070,9617,1110,5844,6017,18956,2646
0415,Løten,1999,729,575,1919,378,736,666,1917,256,1465,1241,3836,634
0415,Løten,2000,697,579,1941,371,726,665,1955,254,1423,1244,3896,625
0415,Løten,2001,692,593,1955,379,707,684,1976,258,1399,1277,3931,637
0415,Løten,2002,683,590,1973,393,700,673,2010,270,1383,1263,3983,663
0415,Løten,2003,700,591,1992,386,693,667,2020,268,1393,1258,4012,654
0415,Løten,2004,678,593,1993,383,671,669,2035,260,1349,1262,4028,643
0415,Løten,2005,656,611,2000,378,685,664,2023,254,1341,1275,4023,632
0415,Løten,2006,637,629,2020,370,673,673,2023,265,1310,1302,4043,635
0415,Løten,2007,617,638,2030,365,670,669,2031,272,1287,1307,4061,637
0415,Løten,2008,607,644,2036,365,637,655,2044,263,1244,1299,4080,628
0415,Løten,2009,587,683,2026,360,633,656,2043,267,1220,1339,4069,627
0415,Løten,2010,582,680,2057,348,638,645,2061,261,1220,1325,4118,609
0415,Løten,2011,590,676,2098,341,637,653,2112,246,1227,1329,4210,587
0415,Løten,2012,605,695,2118,339,645,690,2139,246,1250,1385,4257,585
0415,Løten,2013,603,685,2141,338,635,671,2163,243,1238,1356,4304,581
0415,Løten,2014,595,701,2136,336,638,695,2193,252,1233,1396,4329,588
0417,Stange,1999,1583,1572,4928,836,1726,1637,4863,618,3309,3209,9791,1454
0417,Stange,2000,1607,1573,4963,851,1743,1639,4923,629,3350,3212,9886,1480
0417,Stange,2001,1675,1510,5022,898,1789,1594,4981,644,3464,3104,10003,1542
0417,Stange,2002,1676,1470,5006,918,1779,1554,4982,645,3455,3024,9988,1563
0417,Stange,2003,1679,1469,5040,925,1793,1560,5010,661,3472,3029,10050,1586
0417,Stange,2004,1668,1496,5092,928,1803,1582,5048,671,3471,3078,10140,1599
0417,Stange,2005,1656,1507,5123,966,1793,1626,5084,672,3449,3133,10207,1638
0417,Stange,2006,1661,1533,5182,987,1759,1651,5152,666,3420,3184,10334,1653
0417,Stange,2007,1661,1542,5240,984,1735,1626,5190,664,3396,3168,10430,1648
0417,Stange,2008,1644,1568,5283,1010,1743,1645,5241,687,3387,3213,10524,1697
0417,Stange,2009,1645,1600,5356,1001,1711,1691,5291,687,3356,3291,10647,1688
0417,Stange,2010,1646,1582,5433,979,1715,1727,5353,669,3361,3309,10786,1648
0417,Stange,2011,1626,1605,5456,961,1729,1734,5402,641,3355,3339,10858,1602
0417,Stange,2012,1615,1591,5510,947,1706,1751,5434,636,3321,3342,10944,1583
0417,Stange,2013,1609,1658,5582,934,1708,1788,5494,634,3317,3446,11076,1568
0417,Stange,2014,1659,1724,5610,948,1697,1870,5585,644,3356,3594,11195,1592
0418,Nord-Odal,1999,396,411,1423,293,393,473,1444,221,789,884,2867,514
0418,Nord-Odal,2000,418,394,1425,297,412,453,1465,225,830,847,2890,522
0418,Nord-Odal,2001,425,375,1444,301,422,443,1464,223,847,818,2908,524
0418,Nord-Odal,2002,420,358,1426,317,430,421,1468,225,850,779,2894,542
0418,Nord-Odal,2003,423,346,1413,329,429,397,1484,229,852,743,2897,558
0418,Nord-Odal,2004,426,356,1421,318,436,404,1483,220,862,760,2904,538
0418,Nord-Odal,2005,412,345,1451,316,438,400,1491,220,850,745,2942,536
0418,Nord-Odal,2006,407,337,1454,319,435,393,1486,220,842,730,2940,539
0418,Nord-Odal,2007,417,344,1450,318,434,376,1500,216,851,720,2950,534
0418,Nord-Odal,2008,412,355,1451,323,437,385,1514,214,849,740,2965,537
0418,Nord-Odal,2009,417,367,1438,317,420,396,1531,212,837,763,2969,529
0418,Nord-Odal,2010,418,383,1444,307,426,397,1530,213,844,780,2974,520
0418,Nord-Odal,2011,408,391,1449,307,422,395,1528,213,830,786,2977,520
0418,Nord-Odal,2012,421,384,1459,309,410,404,1541,213,831,788,3000,522
0418,Nord-Odal,2013,418,391,1469,308,416,416,1555,217,834,807,3024,525
0418,Nord-Odal,2014,397,372,1464,295,405,410,1557,218,802,782,3021,513
0419,Sør-Odal,1999,631,603,1969,445,645,684,2015,310,1276,1287,3984,755
0419,Sør-Odal,2000,649,565,2006,453,675,672,2034,295,1324,1237,4040,748
0419,Sør-Odal,2001,667,555,2047,448,678,651,2057,302,1345,1206,4104,750
0419,Sør-Odal,2002,685,579,2064,446,710,635,2091,291,1395,1214,4155,737
0419,Sør-Odal,2003,680,583,2085,435,702,636,2124,293,1382,1219,4209,728
0419,Sør-Odal,2004,701,558,2125,433,715,619,2149,289,1416,1177,4274,722
0419,Sør-Odal,2005,698,567,2147,425,713,631,2150,292,1411,1198,4297,717
0419,Sør-Odal,2006,702,554,2191,427,690,625,2196,290,1392,1179,4387,717
0419,Sør-Odal,2007,715,569,2216,430,690,623,2215,296,1405,1192,4431,726
0419,Sør-Odal,2008,700,588,2241,432,679,624,2237,286,1379,1212,4478,718
0419,Sør-Odal,2009,681,617,2243,427,670,636,2226,295,1351,1253,4469,722
0419,Sør-Odal,2010,673,602,2262,417,656,657,2230,294,1329,1259,4492,711
0419,Sør-Odal,2011,656,620,2279,406,656,663,2267,284,1312,1283,4546,690
0419,Sør-Odal,2012,638,644,2256,401,647,680,2304,289,1285,1324,4560,690
0419,Sør-Odal,2013,612,627,2253,405,641,686,2299,283,1253,1313,4552,688
0419,Sør-Odal,2014,612,649,2255,409,633,677,2330,282,1245,1326,4585,691
0420,Eidskog,1999,536,507,1739,372,591,564,1753,289,1127,1071,3492,661
0420,Eidskog,2000,546,504,1736,389,628,548,1765,293,1174,1052,3501,682
0420,Eidskog,2001,563,487,1740,395,615,548,1780,291,1178,1035,3520,686
0420,Eidskog,2002,560,479,1752,414,618,523,1776,307,1178,1002,3528,721
0420,Eidskog,2003,565,470,1758,408,611,517,1797,295,1176,987,3555,703
0420,Eidskog,2004,566,455,1748,431,625,506,1818,282,1191,961,3566,713
0420,Eidskog,2005,575,464,1778,443,624,496,1833,286,1199,960,3611,729
0420,Eidskog,2006,575,444,1788,432,602,507,1826,279,1177,951,3614,711
0420,Eidskog,2007,547,436,1764,446,578,503,1841,270,1125,939,3605,716
0420,Eidskog,2008,535,440,1798,436,557,506,1857,268,1092,946,3655,704
0420,Eidskog,2009,522,453,1810,427,535,521,1861,265,1057,974,3671,692
0420,Eidskog,2010,500,467,1798,419,517,529,1842,255,1017,996,3640,674
0420,Eidskog,2011,495,477,1775,414,502,531,1860,245,997,1008,3635,659
0420,Eidskog,2012,498,498,1776,412,483,537,1843,241,981,1035,3619,653
0420,Eidskog,2013,478,501,1793,400,474,541,1851,244,952,1042,3644,644
0420,Eidskog,2014,470,487,1788,404,461,547,1855,241,931,1034,3643,645
0423,Grue,1999,387,432,1518,425,436,456,1480,316,823,888,2998,741
0423,Grue,2000,399,434,1505,424,425,456,1498,301,824,890,3003,725
0423,Grue,2001,423,409,1532,424,455,459,1527,297,878,868,3059,721
0423,Grue,2002,428,384,1525,420,429,427,1514,285,857,811,3039,705
0423,Grue,2003,433,376,1517,418,434,418,1515,284,867,794,3032,702
0423,Grue,2004,420,351,1504,432,420,394,1500,291,840,745,3004,723
0423,Grue,2005,424,344,1497,438,408,400,1484,280,832,744,2981,718
0423,Grue,2006,427,329,1480,434,396,394,1483,275,823,723,2963,709
0423,Grue,2007,413,315,1474,428,382,391,1476,273,795,706,2950,701
0423,Grue,2008,389,323,1461,420,382,362,1480,261,771,685,2941,681
0423,Grue,2009,376,345,1466,402,389,374,1472,256,765,719,2938,658
0423,Grue,2010,359,361,1479,388,391,379,1474,247,750,740,2953,635
0423,Grue,2011,351,361,1449,384,377,401,1463,238,728,762,2912,622
0423,Grue,2012,349,346,1453,379,361,407,1473,235,710,753,2926,614
0423,Grue,2013,344,369,1449,371,354,406,1477,227,698,775,2926,598
0423,Grue,2014,329,363,1452,357,332,435,1457,223,661,798,2909,580
0425,Åsnes,1999,635,688,2210,559,629,755,2249,410,1264,1443,4459,969
0425,Åsnes,2000,640,665,2221,561,650,702,2272,401,1290,1367,4493,962
0425,Åsnes,2001,633,652,2195,576,651,676,2260,418,1284,1328,4455,994
0425,Åsnes,2002,635,618,2199,597,652,629,2273,421,1287,1247,4472,1018
0425,Åsnes,2003,624,597,2223,589,651,618,2257,418,1275,1215,4480,1007
0425,Åsnes,2004,623,583,2196,600,655,596,2245,426,1278,1179,4441,1026
0425,Åsnes,2005,600,555,2179,581,633,577,2232,422,1233,1132,4411,1003
0425,Åsnes,2006,573,561,2177,573,606,580,2234,410,1179,1141,4411,983
0425,Åsnes,2007,555,568,2167,548,585,558,2223,400,1140,1126,4390,948
0425,Åsnes,2008,552,561,2159,539,577,577,2201,415,1129,1138,4360,954
0425,Åsnes,2009,541,562,2168,538,566,599,2217,419,1107,1161,4385,957
0425,Åsnes,2010,530,584,2162,531,558,613,2210,419,1088,1197,4372,950
0425,Åsnes,2011,526,564,2160,536,546,625,2220,420,1072,1189,4380,956
0425,Åsnes,2012,526,567,2171,519,534,627,2245,417,1060,1194,4416,936
0425,Åsnes,2013,511,577,2194,497,551,617,2240,413,1062,1194,4434,910
0425,Åsnes,2014,516,577,2171,491,540,601,2246,402,1056,1178,4417,893
0426,Våler (Hedmark),1999,293,366,1125,266,337,358,1186,190,630,724,2311,456
0426,Våler (Hedmark),2000,293,333,1129,265,332,338,1180,193,625,671,2309,458
0426,Våler (Hedmark),2001,291,311,1130,267,336,328,1175,188,627,639,2305,455
0426,Våler (Hedmark),2002,288,298,1134,278,335,333,1175,179,623,631,2309,457
0426,Våler (Hedmark),2003,275,272,1144,275,327,334,1156,181,602,606,2300,456
0426,Våler (Hedmark),2004,260,263,1140,272,314,325,1162,170,574,588,2302,442
0426,Våler (Hedmark),2005,262,267,1146,272,315,314,1173,175,577,581,2319,447
0426,Våler (Hedmark),2006,268,262,1136,278,319,303,1164,176,587,565,2300,454
0426,Våler (Hedmark),2007,275,250,1146,269,311,296,1150,180,586,546,2296,449
0426,Våler (Hedmark),2008,261,251,1145,272,305,292,1169,174,566,543,2314,446
0426,Våler (Hedmark),2009,253,261,1137,267,301,300,1181,169,554,561,2318,436
0426,Våler (Hedmark),2010,252,262,1136,267,310,291,1180,172,562,553,2316,439
0426,Våler (Hedmark),2011,255,271,1139,263,302,305,1166,181,557,576,2305,444
0426,Våler (Hedmark),2012,253,282,1129,257,285,299,1157,182,538,581,2286,439
0426,Våler (Hedmark),2013,255,272,1123,252,277,301,1160,186,532,573,2283,438
0426,Våler (Hedmark),2014,239,263,1126,238,272,305,1155,185,511,568,2281,423
0427,Elverum,1999,1632,1730,4909,924,1632,1743,4748,611,3264,3473,9657,1535
0427,Elverum,2000,1642,1694,4955,967,1694,1672,4795,627,3336,3366,9750,1594
0427,Elverum,2001,1647,1687,5057,976,1712,1659,4887,646,3359,3346,9944,1622
0427,Elverum,2002,1703,1705,5108,998,1763,1627,4979,644,3466,3332,10087,1642
0427,Elverum,2003,1714,1688,5174,1005,1786,1594,5043,634,3500,3282,10217,1639
0427,Elverum,2004,1738,1652,5232,1009,1816,1609,5103,646,3554,3261,10335,1655
0427,Elverum,2005,1718,1653,5274,1013,1814,1594,5124,654,3532,3247,10398,1667
0427,Elverum,2006,1739,1640,5317,1028,1804,1628,5178,658,3543,3268,10495,1686
0427,Elverum,2007,1747,1699,5405,1024,1821,1626,5275,663,3568,3325,10680,1687
0427,Elverum,2008,1743,1704,5468,1031,1835,1671,5330,683,3578,3375,10798,1714
0427,Elverum,2009,1731,1749,5561,1027,1838,1730,5365,686,3569,3479,10926,1713
0427,Elverum,2010,1690,1780,5621,1037,1840,1760,5426,680,3530,3540,11047,1717
0427,Elverum,2011,1660,1869,5640,1027,1814,1875,5443,651,3474,3744,11083,1678
0427,Elverum,2012,1675,1889,5700,1027,1811,1895,5479,676,3486,3784,11179,1703
0427,Elverum,2013,1729,1883,5733,1029,1826,1915,5544,684,3555,3798,11277,1713
0427,Elverum,2014,1758,1922,5807,1021,1828,1951,5604,672,3586,3873,11411,1693
0428,Trysil,1999,568,586,1870,478,604,699,1910,329,1172,1285,3780,807
0428,Trysil,2000,595,571,1875,478,604,679,1935,332,1199,1250,3810,810
0428,Trysil,2001,583,547,1886,472,613,646,1962,325,1196,1193,3848,797
0428,Trysil,2002,581,563,1882,482,599,642,1972,328,1180,1205,3854,810
0428,Trysil,2003,591,544,1890,480,594,636,1963,327,1185,1180,3853,807
0428,Trysil,2004,577,527,1876,486,583,607,1968,331,1160,1134,3844,817
0428,Trysil,2005,559,515,1878,466,568,601,1964,331,1127,1116,3842,797
0428,Trysil,2006,535,522,1869,475,559,594,1954,337,1094,1116,3823,812
0428,Trysil,2007,520,513,1858,468,554,579,1964,326,1074,1092,3822,794
0428,Trysil,2008,518,497,1846,474,553,568,1964,321,1071,1065,3810,795
0428,Trysil,2009,499,517,1829,478,541,577,1990,318,1040,1094,3819,796
0428,Trysil,2010,498,538,1826,475,529,593,1989,315,1027,1131,3815,790
0428,Trysil,2011,487,531,1843,462,524,599,1991,317,1011,1130,3834,779
0428,Trysil,2012,486,535,1865,442,511,600,1996,317,997,1135,3861,759
0428,Trysil,2013,484,522,1875,423,494,598,1977,316,978,1120,3852,739
0428,Trysil,2014,475,513,1872,411,491,575,1967,317,966,1088,3839,728
0429,Åmot,1999,360,399,1191,294,375,411,1223,197,735,810,2414,491
0429,Åmot,2000,341,381,1183,295,373,393,1215,198,714,774,2398,493
0429,Åmot,2001,353,380,1200,286,377,386,1210,204,730,766,2410,490
0429,Åmot,2002,356,371,1182,296,389,389,1206,209,745,760,2388,505
0429,Åmot,2003,354,364,1176,300,383,367,1234,211,737,731,2410,511
0429,Åmot,2004,370,363,1181,302,390,381,1225,213,760,744,2406,515
0429,Åmot,2005,355,346,1188,297,409,347,1253,203,764,693,2441,500
0429,Åmot,2006,344,336,1181,296,409,337,1244,201,753,673,2425,497
0429,Åmot,2007,349,317,1158,293,408,345,1226,188,757,662,2384,481
0429,Åmot,2008,358,314,1164,289,407,376,1237,184,765,690,2401,473
0429,Åmot,2009,352,324,1150,290,395,373,1211,185,747,697,2361,475
0429,Åmot,2010,380,332,1140,272,399,378,1195,189,779,710,2335,461
0429,Åmot,2011,366,344,1142,268,393,421,1188,195,759,765,2330,463
0429,Åmot,2012,359,340,1156,254,394,433,1218,183,753,773,2374,437
0429,Åmot,2013,363,374,1154,246,385,455,1245,165,748,829,2399,411
0429,Åmot,2014,364,386,1162,249,395,467,1262,170,759,853,2424,419
0430,Stor-Elvdal,1999,233,249,783,230,246,269,824,144,479,518,1607,374
0430,Stor-Elvdal,2000,260,251,798,215,251,265,829,143,511,516,1627,358
0430,Stor-Elvdal,2001,260,231,789,220,243,241,820,143,503,472,1609,363
0430,Stor-Elvdal,2002,251,233,781,217,242,243,812,142,493,476,1593,359
0430,Stor-Elvdal,2003,245,230,765,222,237,240,816,133,482,470,1581,355
0430,Stor-Elvdal,2004,231,213,765,206,221,234,820,129,452,447,1585,335
0430,Stor-Elvdal,2005,224,232,758,215,220,231,818,134,444,463,1576,349
0430,Stor-Elvdal,2006,217,233,753,208,214,224,818,130,431,457,1571,338
0430,Stor-Elvdal,2007,192,211,749,189,208,225,796,135,400,436,1545,324
0430,Stor-Elvdal,2008,179,210,753,178,207,227,799,127,386,437,1552,305
0430,Stor-Elvdal,2009,188,217,745,171,198,233,810,127,386,450,1555,298
0430,Stor-Elvdal,2010,194,204,742,171,207,229,801,131,401,433,1543,302
0430,Stor-Elvdal,2011,184,219,738,160,194,248,796,126,378,467,1534,286
0430,Stor-Elvdal,2012,182,223,746,152,204,234,814,123,386,457,1560,275
0430,Stor-Elvdal,2013,174,224,726,157,180,237,821,122,354,461,1547,279
0430,Stor-Elvdal,2014,180,212,715,157,162,300,838,135,342,512,1553,292
0432,Rendalen,1999,163,142,610,205,180,191,603,159,343,333,1213,364
0432,Rendalen,2000,170,145,605,210,189,174,606,158,359,319,1211,368
0432,Rendalen,2001,192,145,607,205,195,170,621,149,387,315,1228,354
0432,Rendalen,2002,172,140,587,200,196,163,609,150,368,303,1196,350
0432,Rendalen,2003,171,143,574,198,181,168,611,147,352,311,1185,345
0432,Rendalen,2004,170,127,562,199,167,169,604,148,337,296,1166,347
0432,Rendalen,2005,157,130,552,194,164,180,596,132,321,310,1148,326
0432,Rendalen,2006,155,145,544,184,154,176,588,136,309,321,1132,320
0432,Rendalen,2007,139,149,538,184,146,176,592,131,285,325,1130,315
0432,Rendalen,2008,145,138,541,182,148,157,598,120,293,295,1139,302
0432,Rendalen,2009,144,137,545,178,151,152,594,113,295,289,1139,291
0432,Rendalen,2010,141,142,543,159,148,163,594,108,289,305,1137,267
0432,Rendalen,2011,143,146,545,158,150,148,581,103,293,294,1126,261
0432,Rendalen,2012,143,133,546,149,140,156,586,106,283,289,1132,255
0432,Rendalen,2013,132,133,547,136,129,155,583,95,261,288,1130,231
0432,Rendalen,2014,122,128,539,135,126,137,593,103,248,265,1132,238
0434,Engerdal,1999,128,119,413,105,135,151,438,77,263,270,851,182
0434,Engerdal,2000,137,123,418,101,145,150,429,77,282,273,847,178
0434,Engerdal,2001,140,117,407,104,146,132,423,77,286,249,830,181
0434,Engerdal,2002,136,115,401,105,151,120,412,76,287,235,813,181
0434,Engerdal,2003,139,116,401,106,145,116,418,71,284,232,819,177
0434,Engerdal,2004,138,102,407,102,137,121,427,69,275,223,834,171
0434,Engerdal,2005,132,107,402,105,134,121,432,66,266,228,834,171
0434,Engerdal,2006,137,110,402,102,145,112,416,73,282,222,818,175
0434,Engerdal,2007,128,107,398,100,134,108,411,74,262,215,809,174
0434,Engerdal,2008,121,109,405,103,134,107,408,71,255,216,813,174
0434,Engerdal,2009,110,111,401,99,133,106,404,72,243,217,805,171
0434,Engerdal,2010,108,108,395,101,139,112,400,71,247,220,795,172
0434,Engerdal,2011,100,110,385,97,131,117,401,68,231,227,786,165
0434,Engerdal,2012,95,98,397,102,115,125,395,63,210,223,792,165
0434,Engerdal,2013,98,93,393,97,116,118,398,63,214,211,791,160
0434,Engerdal,2014,93,92,395,92,103,114,394,62,196,206,789,154
0436,Tolga,1999,190,163,437,131,238,151,450,81,428,314,887,212
0436,Tolga,2000,192,148,435,129,233,149,445,81,425,297,880,210
0436,Tolga,2001,194,144,443,127,223,162,446,84,417,306,889,211
0436,Tolga,2002,189,142,439,125,226,155,451,81,415,297,890,206
0436,Tolga,2003,173,150,444,120,228,157,446,78,401,307,890,198
0436,Tolga,2004,171,150,439,123,226,156,437,79,397,306,876,202
0436,Tolga,2005,163,152,439,121,214,169,442,78,377,321,881,199
0436,Tolga,2006,159,152,439,111,198,174,448,74,357,326,887,185
0436,Tolga,2007,150,152,434,101,186,174,434,76,336,326,868,177
0436,Tolga,2008,156,148,424,101,184,182,429,73,340,330,853,174
0436,Tolga,2009,149,141,426,99,173,186,428,76,322,327,854,175
0436,Tolga,2010,140,147,424,103,172,179,436,70,312,326,860,173
0436,Tolga,2011,141,153,429,104,173,188,427,69,314,341,856,173
0436,Tolga,2012,133,157,434,99,167,183,444,64,300,340,878,163
0436,Tolga,2013,131,152,437,99,158,189,450,65,289,341,887,164
0436,Tolga,2014,120,160,429,98,154,182,447,68,274,342,876,166
0437,Tynset,1999,526,485,1406,296,522,520,1436,201,1048,1005,2842,497
0437,Tynset,2000,551,492,1406,303,539,521,1457,204,1090,1013,2863,507
0437,Tynset,2001,566,480,1419,295,521,502,1460,209,1087,982,2879,504
0437,Tynset,2002,554,475,1428,289,513,500,1450,219,1067,975,2878,508
0437,Tynset,2003,543,485,1436,287,520,467,1475,210,1063,952,2911,497
0437,Tynset,2004,546,483,1448,299,528,472,1479,208,1074,955,2927,507
0437,Tynset,2005,534,469,1438,311,504,463,1479,207,1038,932,2917,518
0437,Tynset,2006,522,467,1439,305,491,472,1467,205,1013,939,2906,510
0437,Tynset,2007,521,478,1433,309,493,477,1449,211,1014,955,2882,520
0437,Tynset,2008,523,486,1441,302,490,496,1448,214,1013,982,2889,516
0437,Tynset,2009,509,491,1449,293,508,485,1456,209,1017,976,2905,502
0437,Tynset,2010,527,506,1477,289,519,508,1457,207,1046,1014,2934,496
0437,Tynset,2011,526,501,1475,283,521,514,1471,204,1047,1015,2946,487
0437,Tynset,2012,528,519,1477,282,519,555,1487,197,1047,1074,2964,479
0437,Tynset,2013,526,524,1489,281,511,531,1507,201,1037,1055,2996,482
0437,Tynset,2014,514,514,1483,287,506,527,1526,192,1020,1041,3009,479
0438,Alvdal,1999,243,203,624,131,265,224,625,100,508,427,1249,231
0438,Alvdal,2000,246,208,626,142,259,220,619,97,505,428,1245,239
0438,Alvdal,2001,229,214,631,144,259,217,621,100,488,431,1252,244
0438,Alvdal,2002,231,207,624,150,249,232,615,101,480,439,1239,251
0438,Alvdal,2003,236,208,635,152,245,229,611,106,481,437,1246,258
0438,Alvdal,2004,226,204,633,151,251,224,610,107,477,428,1243,258
0438,Alvdal,2005,221,217,625,149,257,219,617,111,478,436,1242,260
0438,Alvdal,2006,223,214,614,150,234,221,619,117,457,435,1233,267
0438,Alvdal,2007,234,223,621,152,235,223,630,112,469,446,1251,264
0438,Alvdal,2008,223,208,627,156,234,220,634,111,457,428,1261,267
0438,Alvdal,2009,217,200,619,163,239,215,639,107,456,415,1258,270
0438,Alvdal,2010,223,213,622,164,248,215,653,103,471,428,1275,267
0438,Alvdal,2011,218,216,627,168,244,225,649,100,462,441,1276,268
0438,Alvdal,2012,222,212,632,160,242,221,646,96,464,433,1278,256
0438,Alvdal,2013,223,213,644,146,255,224,653,91,478,437,1297,237
0438,Alvdal,2014,219,214,643,139,246,229,652,90,465,443,1295,229
0439,Folldal,1999,143,153,465,127,184,186,476,92,327,339,941,219
0439,Folldal,2000,148,154,464,128,178,177,472,93,326,331,936,221
0439,Folldal,2001,154,152,465,126,183,175,475,82,337,327,940,208
0439,Folldal,2002,145,133,461,127,186,156,468,77,331,289,929,204
0439,Folldal,2003,147,131,454,131,193,157,472,79,340,288,926,210
0439,Folldal,2004,137,131,442,129,181,165,471,83,318,296,913,212
0439,Folldal,2005,133,122,446,123,169,162,482,80,302,284,928,203
0439,Folldal,2006,128,125,456,122,178,154,482,77,306,279,938,199
0439,Folldal,2007,128,123,452,119,171,148,477,77,299,271,929,196
0439,Folldal,2008,124,116,454,118,160,150,478,74,284,266,932,192
0439,Folldal,2009,128,118,448,118,158,149,479,73,286,267,927,191
0439,Folldal,2010,127,112,453,120,148,151,490,68,275,263,943,188
0439,Folldal,2011,126,104,464,111,149,142,489,75,275,246,953,186
0439,Folldal,2012,128,108,453,108,141,144,486,73,269,252,939,181
0439,Folldal,2013,131,99,461,110,146,146,489,72,277,245,950,182
0439,Folldal,2014,118,102,453,111,142,150,483,72,260,252,936,183
0441,Os (Hedmark) (1976-2019),1999,204,196,521,118,214,208,539,81,418,404,1060,199
0441,Os (Hedmark) (1976-2019),2000,222,184,547,122,222,207,564,80,444,391,1111,202
0441,Os (Hedmark) (1976-2019),2001,213,194,562,114,234,208,570,77,447,402,1132,191
0441,Os (Hedmark) (1976-2019),2002,209,176,554,115,226,209,578,80,435,385,1132,195
0441,Os (Hedmark) (1976-2019),2003,213,172,543,121,218,210,577,80,431,382,1120,201
0441,Os (Hedmark) (1976-2019),2004,216,166,535,126,227,195,583,83,443,361,1118,209
0441,Os (Hedmark) (1976-2019),2005,218,152,539,123,220,184,569,82,438,336,1108,205
0441,Os (Hedmark) (1976-2019),2006,212,147,537,123,231,176,567,82,443,323,1104,205
0441,Os (Hedmark) (1976-2019),2007,205,151,537,116,220,188,567,79,425,339,1104,195
0441,Os (Hedmark) (1976-2019),2008,188,150,534,119,218,185,572,81,406,335,1106,200
0441,Os (Hedmark) (1976-2019),2009,183,157,532,116,211,190,572,85,394,347,1104,201
0441,Os (Hedmark) (1976-2019),2010,172,167,531,113,212,185,566,87,384,352,1097,200
0441,Os (Hedmark) (1976-2019),2011,158,182,540,113,196,193,580,83,354,375,1120,196
0441,Os (Hedmark) (1976-2019),2012,163,182,545,109,184,194,577,86,347,376,1122,195
0441,Os (Hedmark) (1976-2019),2013,162,178,549,109,174,194,584,85,336,372,1133,194
0441,Os (Hedmark) (1976-2019),2014,147,183,541,114,165,199,578,86,312,382,1119,200
0501,Lillehammer,1999,2133,2300,6928,1321,2311,2307,6460,773,4444,4607,13388,2094
0501,Lillehammer,2000,2172,2256,6994,1348,2366,2268,6506,814,4538,4524,13500,2162
0501,Lillehammer,2001,2213,2210,7069,1366,2380,2236,6593,806,4593,4446,13662,2172
0501,Lillehammer,2002,2213,2149,7080,1393,2363,2215,6556,827,4576,4364,13636,2220
0501,Lillehammer,2003,2242,2157,7112,1395,2393,2229,6561,857,4635,4386,13673,2252
0501,Lillehammer,2004,2238,2166,7146,1412,2386,2237,6612,873,4624,4403,13758,2285
0501,Lillehammer,2005,2234,2184,7150,1419,2362,2227,6635,864,4596,4411,13785,2283
0501,Lillehammer,2006,2204,2218,7234,1408,2394,2283,6717,856,4598,4501,13951,2264
0501,Lillehammer,2007,2195,2264,7280,1420,2372,2345,6795,866,4567,4609,14075,2286
0501,Lillehammer,2008,2178,2301,7373,1393,2336,2463,6850,882,4514,4764,14223,2275
0501,Lillehammer,2009,2214,2411,7400,1396,2362,2522,6926,873,4576,4933,14326,2269
0501,Lillehammer,2010,2214,2542,7422,1395,2329,2603,7006,870,4543,5145,14428,2265
0501,Lillehammer,2011,2177,2626,7487,1401,2312,2665,7047,856,4489,5291,14534,2257
0501,Lillehammer,2012,2159,2616,7527,1412,2338,2743,7110,860,4497,5359,14637,2272
0501,Lillehammer,2013,2177,2676,7534,1411,2308,2734,7136,874,4485,5410,14670,2285
0501,Lillehammer,2014,2124,2745,7591,1409,2292,2771,7210,886,4416,5516,14801,2295
0502,Gjøvik,1999,2336,2530,7514,1460,2413,2676,7198,841,4749,5206,14712,2301
0502,Gjøvik,2000,2375,2436,7558,1482,2464,2615,7237,846,4839,5051,14795,2328
0502,Gjøvik,2001,2404,2451,7573,1493,2500,2571,7326,861,4904,5022,14899,2354
0502,Gjøvik,2002,2379,2350,7623,1527,2471,2477,7392,874,4850,4827,15015,2401
0502,Gjøvik,2003,2398,2375,7665,1555,2527,2484,7456,889,4925,4859,15121,2444
0502,Gjøvik,2004,2421,2371,7741,1542,2539,2491,7535,886,4960,4862,15276,2428
0502,Gjøvik,2005,2404,2398,7770,1562,2546,2485,7591,892,4950,4883,15361,2454
0502,Gjøvik,2006,2377,2448,7830,1570,2572,2465,7665,892,4949,4913,15495,2462
0502,Gjøvik,2007,2401,2399,7883,1578,2536,2522,7698,914,4937,4921,15581,2492
0502,Gjøvik,2008,2421,2524,7922,1547,2547,2631,7772,937,4968,5155,15694,2484
0502,Gjøvik,2009,2397,2566,8021,1560,2556,2674,7899,938,4953,5240,15920,2498
0502,Gjøvik,2010,2432,2519,8118,1513,2585,2704,7972,964,5017,5223,16090,2477
0502,Gjøvik,2011,2425,2602,8166,1505,2603,2727,7997,949,5028,5329,16163,2454
0502,Gjøvik,2012,2426,2662,8213,1507,2561,2811,8087,935,4987,5473,16300,2442
0502,Gjøvik,2013,2393,2720,8237,1472,2572,2889,8217,907,4965,5609,16454,2379
0502,Gjøvik,2014,2386,2729,8345,1471,2557,2944,8317,919,4943,5673,16662,2390
0511,Dovre,1999,235,276,779,182,266,260,787,124,501,536,1566,306
0511,Dovre,2000,233,254,766,177,272,240,783,126,505,494,1549,303
0511,Dovre,2001,235,245,776,183,284,236,784,132,519,481,1560,315
0511,Dovre,2002,239,244,802,184,287,229,791,121,526,473,1593,305
0511,Dovre,2003,236,217,825,181,285,219,801,119,521,436,1626,300
0511,Dovre,2004,238,222,811,187,278,226,807,114,516,448,1618,301
0511,Dovre,2005,242,214,804,193,266,223,812,121,508,437,1616,314
0511,Dovre,2006,229,214,794,188,261,221,801,118,490,435,1595,306
0511,Dovre,2007,226,222,790,185,242,230,793,124,468,452,1583,309
0511,Dovre,2008,220,205,789,193,245,229,775,122,465,434,1564,315
0511,Dovre,2009,219,194,792,195,240,235,774,123,459,429,1566,318
0511,Dovre,2010,211,207,792,194,239,240,774,119,450,447,1566,313
0511,Dovre,2011,204,212,773,192,244,242,769,112,448,454,1542,304
0511,Dovre,2012,205,215,757,190,227,259,777,112,432,474,1534,302
0511,Dovre,2013,202,217,759,180,212,268,775,114,414,485,1534,294
0511,Dovre,2014,200,205,769,176,203,272,764,115,403,477,1533,291
0512,Lesja,1999,208,182,591,148,221,217,603,103,429,399,1194,251
0512,Lesja,2000,218,179,586,154,223,227,612,104,441,406,1198,258
0512,Lesja,2001,206,178,577,149,212,209,602,96,418,387,1179,245
0512,Lesja,2002,205,179,577,144,208,206,600,94,413,385,1177,238
0512,Lesja,2003,201,192,582,136,200,208,605,95,401,400,1187,231
0512,Lesja,2004,204,179,569,139,209,204,608,97,413,383,1177,236
0512,Lesja,2005,191,193,552,140,210,199,602,97,401,392,1154,237
0512,Lesja,2006,180,184,563,138,202,208,603,94,382,392,1166,232
0512,Lesja,2007,180,176,558,137,204,203,598,94,384,379,1156,231
0512,Lesja,2008,183,176,563,133,205,207,604,97,388,383,1167,230
0512,Lesja,2009,178,179,574,126,210,208,602,93,388,387,1176,219
0512,Lesja,2010,183,184,567,132,203,201,609,95,386,385,1176,227
0512,Lesja,2011,187,181,571,140,213,194,618,93,400,375,1189,233
0512,Lesja,2012,179,191,562,143,214,192,617,97,393,383,1179,240
0512,Lesja,2013,177,183,550,140,196,195,604,100,373,378,1154,240
0512,Lesja,2014,165,174,548,131,186,182,592,98,351,356,1140,229
0513,Skjåk,1999,187,238,600,171,198,215,676,108,385,453,1276,279
0513,Skjåk,2000,187,230,612,158,193,213,678,115,380,443,1290,273
0513,Skjåk,2001,187,221,615,161,187,224,681,113,374,445,1296,274
0513,Skjåk,2002,200,211,618,163,200,207,682,108,400,418,1300,271
0513,Skjåk,2003,197,222,631,154,200,205,681,109,397,427,1312,263
0513,Skjåk,2004,206,210,629,151,203,206,682,106,409,416,1311,257
0513,Skjåk,2005,209,206,629,151,193,203,701,102,402,409,1330,253
0513,Skjåk,2006,212,196,623,156,189,204,686,110,401,400,1309,266
0513,Skjåk,2007,204,180,613,152,180,207,682,111,384,387,1295,263
0513,Skjåk,2008,207,174,615,152,190,206,681,106,397,380,1296,258
0513,Skjåk,2009,201,172,622,146,184,202,686,94,385,374,1308,240
0513,Skjåk,2010,188,178,615,140,185,195,672,92,373,373,1287,232
0513,Skjåk,2011,185,179,628,141,182,214,683,87,367,393,1311,228
0513,Skjåk,2012,192,178,623,146,180,206,687,95,372,384,1310,241
0513,Skjåk,2013,183,169,621,143,169,192,704,98,352,361,1325,241
0513,Skjåk,2014,178,167,630,141,171,185,697,95,349,352,1327,236
0514,Lom,1999,197,221,649,157,244,255,707,113,441,476,1356,270
0514,Lom,2000,207,218,652,157,245,258,715,115,452,476,1367,272
0514,Lom,2001,214,207,663,156,250,256,726,107,464,463,1389,263
0514,Lom,2002,196,206,653,156,249,241,715,103,445,447,1368,259
0514,Lom,2003,202,195,647,147,242,240,704,104,444,435,1351,251
0514,Lom,2004,202,202,652,141,239,241,715,104,441,443,1367,245
0514,Lom,2005,204,178,660,139,233,233,708,112,437,411,1368,251
0514,Lom,2006,203,177,651,146,226,234,709,109,429,411,1360,255
0514,Lom,2007,207,168,654,137,224,242,697,107,431,410,1351,244
0514,Lom,2008,201,172,650,136,214,233,694,107,415,405,1344,243
0514,Lom,2009,203,169,650,135,209,230,701,109,412,399,1351,244
0514,Lom,2010,205,171,653,134,202,238,696,111,407,409,1349,245
0514,Lom,2011,191,193,645,139,196,226,694,117,387,419,1339,256
0514,Lom,2012,183,196,648,136,186,227,692,114,369,423,1340,250
0514,Lom,2013,169,193,652,136,185,224,697,108,354,417,1349,244
0514,Lom,2014,177,181,654,131,193,221,697,107,370,402,1351,238
0515,Vågå,1999,311,326,1014,226,341,394,1065,159,652,720,2079,385
0515,Vågå,2000,316,316,1026,229,321,397,1052,161,637,713,2078,390
0515,Vågå,2001,328,304,1024,240,321,395,1063,158,649,699,2087,398
0515,Vågå,2002,325,308,998,250,330,371,1060,171,655,679,2058,421
0515,Vågå,2003,328,291,1002,256,339,357,1055,173,667,648,2057,429
0515,Vågå,2004,334,289,999,259,338,343,1064,174,672,632,2063,433
0515,Vågå,2005,335,285,1000,256,331,350,1051,165,666,635,2051,421
0515,Vågå,2006,327,295,1003,250,335,337,1055,164,662,632,2058,414
0515,Vågå,2007,322,284,1009,240,324,330,1048,167,646,614,2057,407
0515,Vågå,2008,318,282,1015,236,327,332,1029,178,645,614,2044,414
0515,Vågå,2009,311,300,1022,221,325,317,1033,178,636,617,2055,399
0515,Vågå,2010,314,290,1025,227,319,313,1056,178,633,603,2081,405
0515,Vågå,2011,311,300,1024,230,320,310,1042,181,631,610,2066,411
0515,Vågå,2012,309,296,1031,222,320,330,1061,170,629,626,2092,392
0515,Vågå,2013,300,301,1024,221,319,319,1057,175,619,620,2081,396
0515,Vågå,2014,288,295,1029,220,319,305,1059,171,607,600,2088,391
0517,Sel,1999,553,576,1650,291,588,642,1707,224,1141,1218,3357,515
0517,Sel,2000,550,571,1661,307,603,628,1713,240,1153,1199,3374,547
0517,Sel,2001,532,560,1654,318,621,582,1719,242,1153,1142,3373,560
0517,Sel,2002,539,524,1659,323,607,546,1713,251,1146,1070,3372,574
0517,Sel,2003,533,508,1653,323,597,546,1692,250,1130,1054,3345,573
0517,Sel,2004,543,496,1640,329,587,540,1697,256,1130,1036,3337,585
0517,Sel,2005,537,490,1643,340,571,537,1688,253,1108,1027,3331,593
0517,Sel,2006,531,466,1673,341,567,539,1710,256,1098,1005,3383,597
0517,Sel,2007,529,472,1673,352,564,547,1695,267,1093,1019,3368,619
0517,Sel,2008,517,454,1663,351,547,515,1686,272,1064,969,3349,623
0517,Sel,2009,504,473,1656,359,542,521,1698,262,1046,994,3354,621
0517,Sel,2010,486,493,1639,362,532,527,1693,267,1018,1020,3332,629
0517,Sel,2011,478,485,1643,358,511,546,1710,273,989,1031,3353,631
0517,Sel,2012,487,465,1652,352,514,541,1708,273,1001,1006,3360,625
0517,Sel,2013,473,464,1654,353,488,539,1711,270,961,1003,3365,623
0517,Sel,2014,452,495,1662,348,462,565,1723,267,914,1060,3385,615
0519,Sør-Fron,1999,295,275,866,216,321,329,908,154,616,604,1774,370
0519,Sør-Fron,2000,277,270,867,224,317,314,899,154,594,584,1766,378
0519,Sør-Fron,2001,283,266,872,231,324,295,914,152,607,561,1786,383
0519,Sør-Fron,2002,294,259,866,232,315,278,933,146,609,537,1799,378
0519,Sør-Fron,2003,295,250,884,222,327,266,940,151,622,516,1824,373
0519,Sør-Fron,2004,284,256,866,227,319,261,924,155,603,517,1790,382
0519,Sør-Fron,2005,291,251,873,217,310,253,922,154,601,504,1795,371
0519,Sør-Fron,2006,271,245,877,214,298,262,904,160,569,507,1781,374
0519,Sør-Fron,2007,266,240,866,221,276,264,912,154,542,504,1778,375
0519,Sør-Fron,2008,256,246,872,210,276,258,898,154,532,504,1770,364
0519,Sør-Fron,2009,256,252,870,206,284,279,890,146,540,531,1760,352
0519,Sør-Fron,2010,258,257,867,205,289,283,867,149,547,540,1734,354
0519,Sør-Fron,2011,268,273,862,209,285,287,884,144,553,560,1746,353
0519,Sør-Fron,2012,271,262,866,200,283,293,895,138,554,555,1761,338
0519,Sør-Fron,2013,274,248,851,198,274,309,910,129,548,557,1761,327
0519,Sør-Fron,2014,273,244,861,194,267,299,920,133,540,543,1781,327
0520,Ringebu,1999,406,392,1245,323,422,483,1268,260,828,875,2513,583
0520,Ringebu,2000,410,383,1233,327,421,448,1277,253,831,831,2510,580
0520,Ringebu,2001,409,401,1236,319,407,434,1280,250,816,835,2516,569
0520,Ringebu,2002,397,397,1239,311,397,419,1271,261,794,816,2510,572
0520,Ringebu,2003,388,369,1239,306,412,415,1259,256,800,784,2498,562
0520,Ringebu,2004,384,350,1236,311,402,410,1274,244,786,760,2510,555
0520,Ringebu,2005,385,344,1237,316,404,393,1266,241,789,737,2503,557
0520,Ringebu,2006,391,337,1243,309,386,396,1270,234,777,733,2513,543
0520,Ringebu,2007,388,339,1250,305,380,400,1264,231,768,739,2514,536
0520,Ringebu,2008,376,351,1231,300,373,401,1280,220,749,752,2511,520
0520,Ringebu,2009,377,358,1251,278,365,388,1304,216,742,746,2555,494
0520,Ringebu,2010,382,356,1245,274,352,415,1305,211,734,771,2550,485
0520,Ringebu,2011,389,381,1257,269,347,410,1297,206,736,791,2554,475
0520,Ringebu,2012,381,388,1250,266,343,414,1307,212,724,802,2557,478
0520,Ringebu,2013,352,386,1254,261,339,388,1307,209,691,774,2561,470
0520,Ringebu,2014,354,372,1249,263,342,396,1319,200,696,768,2568,463
0521,Øyer,1999,494,410,1288,236,508,452,1311,143,1002,862,2599,379
0521,Øyer,2000,481,430,1298,227,514,442,1322,145,995,872,2620,372
0521,Øyer,2001,480,408,1302,217,507,436,1335,158,987,844,2637,375
0521,Øyer,2002,498,397,1326,224,512,442,1361,164,1010,839,2687,388
0521,Øyer,2003,490,378,1338,222,520,412,1367,164,1010,790,2705,386
0521,Øyer,2004,465,378,1336,230,517,407,1370,167,982,785,2706,397
0521,Øyer,2005,449,393,1316,229,494,430,1353,176,943,823,2669,405
0521,Øyer,2006,449,384,1321,232,491,423,1376,178,940,807,2697,410
0521,Øyer,2007,453,398,1331,227,483,451,1370,180,936,849,2701,407
0521,Øyer,2008,441,402,1344,225,461,473,1397,186,902,875,2741,411
0521,Øyer,2009,440,406,1342,224,436,476,1415,178,876,882,2757,402
0521,Øyer,2010,442,429,1357,225,424,504,1441,180,866,933,2798,405
0521,Øyer,2011,438,454,1379,218,439,516,1463,185,877,970,2842,403
0521,Øyer,2012,421,461,1379,223,424,529,1474,184,845,990,2853,407
0521,Øyer,2013,416,458,1384,221,410,540,1499,174,826,998,2883,395
0521,Øyer,2014,405,468,1374,235,389,550,1482,187,794,1018,2856,422
0522,Gausdal,1999,545,579,1645,326,576,584,1703,269,1121,1163,3348,595
0522,Gausdal,2000,541,552,1655,335,566,553,1707,277,1107,1105,3362,612
0522,Gausdal,2001,540,549,1649,340,598,536,1710,278,1138,1085,3359,618
0522,Gausdal,2002,551,504,1670,333,602,536,1708,288,1153,1040,3378,621
0522,Gausdal,2003,539,495,1672,339,609,521,1736,278,1148,1016,3408,617
0522,Gausdal,2004,536,481,1696,347,599,514,1735,278,1135,995,3431,625
0522,Gausdal,2005,532,485,1700,355,596,506,1744,257,1128,991,3444,612
0522,Gausdal,2006,532,491,1703,356,608,505,1743,264,1140,996,3446,620
0522,Gausdal,2007,517,489,1690,363,581,496,1711,267,1098,985,3401,630
0522,Gausdal,2008,519,488,1690,366,576,500,1725,265,1095,988,3415,631
0522,Gausdal,2009,506,482,1679,361,552,514,1729,268,1058,996,3408,629
0522,Gausdal,2010,493,488,1697,371,560,546,1714,273,1053,1034,3411,644
0522,Gausdal,2011,496,480,1694,368,548,554,1733,268,1044,1034,3427,636
0522,Gausdal,2012,481,479,1713,357,551,564,1745,270,1032,1043,3458,627
0522,Gausdal,2013,463,497,1704,360,536,551,1760,270,999,1048,3464,630
0522,Gausdal,2014,473,498,1723,358,535,576,1798,276,1008,1074,3521,634
0528,Østre Toten,1999,1190,1217,3767,823,1269,1372,3851,532,2459,2589,7618,1355
0528,Østre Toten,2000,1208,1209,3793,828,1289,1338,3886,552,2497,2547,7679,1380
0528,Østre Toten,2001,1226,1185,3829,833,1304,1301,3911,559,2530,2486,7740,1392
0528,Østre Toten,2002,1234,1121,3888,839,1301,1297,3919,568,2535,2418,7807,1407
0528,Østre Toten,2003,1314,1140,4026,876,1383,1259,4078,573,2697,2399,8104,1449
0528,Østre Toten,2004,1304,1123,4063,886,1372,1227,4122,560,2676,2350,8185,1446
0528,Østre Toten,2005,1294,1081,4095,887,1351,1209,4138,549,2645,2290,8233,1436
0528,Østre Toten,2006,1251,1098,4056,894,1294,1168,4145,547,2545,2266,8201,1441
0528,Østre Toten,2007,1240,1064,4083,884,1311,1141,4116,550,2551,2205,8199,1434
0528,Østre Toten,2008,1232,1088,4094,884,1308,1189,4109,555,2540,2277,8203,1439
0528,Østre Toten,2009,1211,1122,4078,898,1269,1200,4138,548,2480,2322,8216,1446
0528,Østre Toten,2010,1215,1166,4096,862,1258,1219,4161,541,2473,2385,8257,1403
0528,Østre Toten,2011,1224,1148,4141,846,1248,1251,4195,551,2472,2399,8336,1397
0528,Østre Toten,2012,1187,1198,4182,836,1228,1312,4252,552,2415,2510,8434,1388
0528,Østre Toten,2013,1175,1176,4211,812,1213,1335,4284,560,2388,2511,8495,1372
0528,Østre Toten,2014,1162,1193,4194,807,1211,1335,4314,561,2373,2528,8508,1368
0529,Vestre Toten,1999,1094,1235,3570,648,1140,1335,3627,419,2234,2570,7197,1067
0529,Vestre Toten,2000,1105,1222,3567,643,1189,1284,3634,421,2294,2506,7201,1064
0529,Vestre Toten,2001,1146,1189,3602,643,1220,1225,3678,432,2366,2414,7280,1075
0529,Vestre Toten,2002,1183,1168,3612,657,1241,1181,3701,426,2424,2349,7313,1083
0529,Vestre Toten,2003,1127,1044,3526,618,1207,1097,3595,413,2334,2141,7121,1031
0529,Vestre Toten,2004,1138,993,3538,605,1222,1089,3590,422,2360,2082,7128,1027
0529,Vestre Toten,2005,1129,960,3562,602,1202,1052,3616,423,2331,2012,7178,1025
0529,Vestre Toten,2006,1112,969,3573,606,1193,1057,3670,419,2305,2026,7243,1025
0529,Vestre Toten,2007,1108,937,3613,613,1183,1024,3704,428,2291,1961,7317,1041
0529,Vestre Toten,2008,1078,954,3622,623,1130,1054,3730,444,2208,2008,7352,1067
0529,Vestre Toten,2009,1073,1024,3624,623,1125,1077,3746,422,2198,2101,7370,1045
0529,Vestre Toten,2010,1078,1044,3639,617,1111,1090,3759,432,2189,2134,7398,1049
0529,Vestre Toten,2011,1083,1018,3681,617,1096,1100,3772,436,2179,2118,7453,1053
0529,Vestre Toten,2012,1101,1010,3735,620,1077,1124,3814,447,2178,2134,7549,1067
0529,Vestre Toten,2013,1086,1043,3752,607,1098,1137,3816,460,2184,2180,7568,1067
0529,Vestre Toten,2014,1081,1051,3748,617,1113,1161,3840,464,2194,2212,7588,1081
0532,Jevnaker,1999,582,517,1596,334,583,572,1601,218,1165,1089,3197,552
0532,Jevnaker,2000,576,512,1615,342,592,527,1622,209,1168,1039,3237,551
0532,Jevnaker,2001,581,521,1640,337,604,537,1641,204,1185,1058,3281,541
0532,Jevnaker,2002,616,548,1685,331,635,524,1691,197,1251,1072,3376,528
0532,Jevnaker,2003,638,543,1723,338,631,516,1719,191,1269,1059,3442,529
0532,Jevnaker,2004,646,512,1775,328,636,494,1751,192,1282,1006,3526,520
0532,Jevnaker,2005,629,524,1784,324,631,488,1753,202,1260,1012,3537,526
0532,Jevnaker,2006,621,511,1774,320,621,513,1742,210,1242,1024,3516,530
0532,Jevnaker,2007,602,520,1754,315,591,524,1723,209,1193,1044,3477,524
0532,Jevnaker,2008,603,511,1769,317,592,523,1728,213,1195,1034,3497,530
0532,Jevnaker,2009,611,501,1794,312,566,525,1743,199,1177,1026,3537,511
0532,Jevnaker,2010,592,524,1790,299,573,536,1762,192,1165,1060,3552,491
0532,Jevnaker,2011,591,528,1828,294,584,558,1777,199,1175,1086,3605,493
0532,Jevnaker,2012,580,548,1855,295,596,587,1820,202,1176,1135,3675,497
0532,Jevnaker,2013,571,542,1849,294,570,615,1796,207,1141,1157,3645,501
0532,Jevnaker,2014,573,541,1871,305,547,620,1831,228,1120,1161,3702,533
0533,Lunner,1999,830,819,2188,302,859,829,2190,203,1689,1648,4378,505
0533,Lunner,2000,812,795,2228,305,854,826,2237,207,1666,1621,4465,512
0533,Lunner,2001,852,769,2287,300,877,859,2275,210,1729,1628,4562,510
0533,Lunner,2002,856,745,2328,305,872,839,2294,216,1728,1584,4622,521
0533,Lunner,2003,848,728,2347,324,856,807,2329,222,1704,1535,4676,546
0533,Lunner,2004,846,700,2366,330,848,807,2345,221,1694,1507,4711,551
0533,Lunner,2005,866,717,2349,342,830,817,2370,214,1696,1534,4719,556
0533,Lunner,2006,837,720,2364,344,827,817,2397,212,1664,1537,4761,556
0533,Lunner,2007,819,727,2380,343,849,775,2427,202,1668,1502,4807,545
0533,Lunner,2008,815,735,2392,345,841,799,2454,217,1656,1534,4846,562
0533,Lunner,2009,787,740,2400,341,822,765,2479,218,1609,1505,4879,559
0533,Lunner,2010,774,727,2449,342,825,743,2518,222,1599,1470,4967,564
0533,Lunner,2011,782,734,2459,339,813,767,2538,222,1595,1501,4997,561
0533,Lunner,2012,781,754,2507,333,822,779,2566,234,1603,1533,5073,567
0533,Lunner,2013,796,763,2559,323,831,792,2596,220,1627,1555,5155,543
0533,Lunner,2014,800,774,2563,322,836,794,2645,218,1636,1568,5208,540
0534,Gran,1999,1150,1121,3437,711,1157,1241,3413,494,2307,2362,6850,1205
0534,Gran,2000,1162,1120,3490,728,1192,1219,3473,493,2354,2339,6963,1221
0534,Gran,2001,1206,1093,3512,751,1194,1202,3549,504,2400,2295,7061,1255
0534,Gran,2002,1229,1068,3535,764,1200,1157,3596,489,2429,2225,7131,1253
0534,Gran,2003,1241,1045,3553,767,1217,1141,3637,484,2458,2186,7190,1251
0534,Gran,2004,1250,1043,3564,746,1201,1134,3667,490,2451,2177,7231,1236
0534,Gran,2005,1239,1006,3590,739,1166,1127,3646,497,2405,2133,7236,1236
0534,Gran,2006,1215,1014,3621,746,1164,1136,3667,503,2379,2150,7288,1249
0534,Gran,2007,1202,1038,3648,745,1169,1135,3665,508,2371,2173,7313,1253
0534,Gran,2008,1214,1035,3688,736,1156,1154,3681,525,2370,2189,7369,1261
0534,Gran,2009,1183,1062,3714,719,1174,1141,3724,500,2357,2203,7438,1219
0534,Gran,2010,1193,1076,3753,708,1191,1166,3785,491,2384,2242,7538,1199
0534,Gran,2011,1185,1114,3769,715,1189,1177,3807,478,2374,2291,7576,1193
0534,Gran,2012,1178,1124,3784,713,1188,1189,3851,466,2366,2313,7635,1179
0534,Gran,2013,1156,1136,3813,707,1198,1183,3895,462,2354,2319,7708,1169
0534,Gran,2014,1148,1184,3820,695,1181,1192,3935,452,2329,2376,7755,1147
0536,Søndre Land,1999,510,482,1667,383,552,518,1691,245,1062,1000,3358,628
0536,Søndre Land,2000,530,462,1665,384,588,496,1699,249,1118,958,3364,633
0536,Søndre Land,2001,547,461,1668,379,593,500,1703,249,1140,961,3371,628
0536,Søndre Land,2002,550,460,1661,384,600,497,1718,226,1150,957,3379,610
0536,Søndre Land,2003,545,474,1670,371,584,487,1756,240,1129,961,3426,611
0536,Søndre Land,2004,529,448,1666,364,580,464,1753,238,1109,912,3419,602
0536,Søndre Land,2005,520,449,1678,354,563,457,1746,241,1083,906,3424,595
0536,Søndre Land,2006,518,439,1685,347,557,454,1731,246,1075,893,3416,593
0536,Søndre Land,2007,500,457,1669,336,557,441,1728,244,1057,898,3397,580
0536,Søndre Land,2008,477,446,1675,324,533,452,1718,228,1010,898,3393,552
0536,Søndre Land,2009,463,438,1658,310,526,453,1724,225,989,891,3382,535
0536,Søndre Land,2010,457,455,1642,307,515,490,1737,208,972,945,3379,515
0536,Søndre Land,2011,456,457,1640,301,508,510,1762,203,964,967,3402,504
0536,Søndre Land,2012,440,465,1632,291,485,511,1733,204,925,976,3365,495
0536,Søndre Land,2013,432,448,1610,311,460,516,1721,205,892,964,3331,516
0536,Søndre Land,2014,416,450,1621,303,455,519,1728,209,871,969,3349,512
0538,Nordre Land,1999,576,591,1867,449,628,654,1904,298,1204,1245,3771,747
0538,Nordre Land,2000,574,577,1883,445,628,647,1911,285,1202,1224,3794,730
0538,Nordre Land,2001,589,572,1885,434,612,620,1926,271,1201,1192,3811,705
0538,Nordre Land,2002,579,567,1906,431,615,593,1924,277,1194,1160,3830,708
0538,Nordre Land,2003,579,547,1922,431,606,592,1929,272,1185,1139,3851,703
0538,Nordre Land,2004,602,555,1929,420,600,588,1942,280,1202,1143,3871,700
0538,Nordre Land,2005,584,540,1935,419,593,565,1928,283,1177,1105,3863,702
0538,Nordre Land,2006,565,513,1927,414,563,563,1905,287,1128,1076,3832,701
0538,Nordre Land,2007,555,500,1934,410,547,579,1904,291,1102,1079,3838,701
0538,Nordre Land,2008,549,490,1918,409,540,553,1891,286,1089,1043,3809,695
0538,Nordre Land,2009,548,496,1934,416,540,569,1906,271,1088,1065,3840,687
0538,Nordre Land,2010,553,496,1942,399,530,579,1891,282,1083,1075,3833,681
0538,Nordre Land,2011,553,512,1954,396,523,604,1896,278,1076,1116,3850,674
0538,Nordre Land,2012,545,544,1937,402,517,614,1925,284,1062,1158,3862,686
0538,Nordre Land,2013,563,540,1934,389,510,623,1923,276,1073,1163,3857,665
0538,Nordre Land,2014,527,565,1916,378,491,624,1916,283,1018,1189,3832,661
0540,Sør-Aurdal,1999,318,275,863,249,320,313,884,188,638,588,1747,437
0540,Sør-Aurdal,2000,324,258,840,250,336,307,892,182,660,565,1732,432
0540,Sør-Aurdal,2001,321,247,837,245,332,316,883,186,653,563,1720,431
0540,Sør-Aurdal,2002,318,253,840,241,322,310,886,182,640,563,1726,423
0540,Sør-Aurdal,2003,308,262,831,239,325,290,892,179,633,552,1723,418
0540,Sør-Aurdal,2004,295,256,825,223,326,274,890,162,621,530,1715,385
0540,Sør-Aurdal,2005,300,259,826,220,321,273,911,155,621,532,1737,375
0540,Sør-Aurdal,2006,284,263,821,224,317,272,916,146,601,535,1737,370
0540,Sør-Aurdal,2007,278,246,817,220,315,261,913,144,593,507,1730,364
0540,Sør-Aurdal,2008,273,238,824,218,301,270,902,150,574,508,1726,368
0540,Sør-Aurdal,2009,254,258,832,219,320,268,908,145,574,526,1740,364
0540,Sør-Aurdal,2010,256,252,832,213,310,269,920,134,566,521,1752,347
0540,Sør-Aurdal,2011,245,246,834,213,289,276,923,138,534,522,1757,351
0540,Sør-Aurdal,2012,251,251,834,195,286,268,937,132,537,519,1771,327
0540,Sør-Aurdal,2013,246,245,841,191,271,278,939,136,517,523,1780,327
0540,Sør-Aurdal,2014,238,250,834,193,275,280,924,139,513,530,1758,332
0541,Etnedal,1999,101,115,381,100,107,110,421,68,208,225,802,168
0541,Etnedal,2000,97,113,385,94,105,116,418,73,202,229,803,167
0541,Etnedal,2001,100,115,390,90,121,108,422,72,221,223,812,162
0541,Etnedal,2002,111,104,388,96,136,103,419,74,247,207,807,170
0541,Etnedal,2003,114,89,395,103,137,93,421,75,251,182,816,178
0541,Etnedal,2004,107,86,391,101,124,99,426,76,231,185,817,177
0541,Etnedal,2005,111,88,391,96,123,91,415,82,234,179,806,178
0541,Etnedal,2006,119,82,392,89,115,97,412,83,234,179,804,172
0541,Etnedal,2007,122,72,398,87,120,99,408,88,242,171,806,175
0541,Etnedal,2008,122,81,396,83,113,101,406,86,235,182,802,169
0541,Etnedal,2009,117,85,392,81,115,98,402,90,232,183,794,171
0541,Etnedal,2010,116,93,385,85,122,100,398,90,238,193,783,175
0541,Etnedal,2011,111,86,375,86,126,112,403,89,237,198,778,175
0541,Etnedal,2012,108,96,370,92,115,127,419,81,223,223,789,173
0541,Etnedal,2013,103,94,368,87,114,140,415,78,217,234,783,165
0541,Etnedal,2014,105,94,366,88,108,147,420,80,213,241,786,168
0542,Nord-Aurdal,1999,586,602,1765,379,562,637,1747,249,1148,1239,3512,628
0542,Nord-Aurdal,2000,592,583,1782,371,588,623,1777,244,1180,1206,3559,615
0542,Nord-Aurdal,2001,600,566,1789,372,596,611,1763,244,1196,1177,3552,616
0542,Nord-Aurdal,2002,595,565,1798,368,597,615,1754,246,1192,1180,3552,614
0542,Nord-Aurdal,2003,578,575,1808,367,600,624,1777,238,1178,1199,3585,605
0542,Nord-Aurdal,2004,576,574,1816,363,589,606,1782,233,1165,1180,3598,596
0542,Nord-Aurdal,2005,573,543,1801,357,582,570,1778,238,1155,1113,3579,595
0542,Nord-Aurdal,2006,555,547,1808,359,558,577,1789,232,1113,1124,3597,591
0542,Nord-Aurdal,2007,555,539,1811,348,540,562,1815,218,1095,1101,3626,566
0542,Nord-Aurdal,2008,567,532,1836,341,551,555,1829,225,1118,1087,3665,566
0542,Nord-Aurdal,2009,551,531,1842,343,563,564,1832,225,1114,1095,3674,568
0542,Nord-Aurdal,2010,523,539,1825,343,561,557,1847,220,1084,1096,3672,563
0542,Nord-Aurdal,2011,520,534,1833,331,562,557,1842,223,1082,1091,3675,554
0542,Nord-Aurdal,2012,516,542,1843,334,548,559,1858,228,1064,1101,3701,562
0542,Nord-Aurdal,2013,506,535,1837,329,527,575,1856,231,1033,1110,3693,560
0542,Nord-Aurdal,2014,500,548,1843,330,525,566,1881,224,1025,1114,3724,554
0543,Vestre Slidre,1999,177,203,610,123,204,246,612,97,381,449,1222,220
0543,Vestre Slidre,2000,179,201,605,119,222,241,622,93,401,442,1227,212
0543,Vestre Slidre,2001,185,201,610,120,219,237,632,91,404,438,1242,211
0543,Vestre Slidre,2002,186,181,609,125,220,230,631,87,406,411,1240,212
0543,Vestre Slidre,2003,197,173,611,128,223,219,641,90,420,392,1252,218
0543,Vestre Slidre,2004,206,178,611,124,229,219,645,92,435,397,1256,216
0543,Vestre Slidre,2005,195,168,601,126,198,216,646,95,393,384,1247,221
0543,Vestre Slidre,2006,186,167,598,121,195,205,648,97,381,372,1246,218
0543,Vestre Slidre,2007,191,157,610,125,193,199,643,94,384,356,1253,219
0543,Vestre Slidre,2008,194,156,603,123,191,198,659,93,385,354,1262,216
0543,Vestre Slidre,2009,187,153,610,119,194,190,651,90,381,343,1261,209
0543,Vestre Slidre,2010,194,166,610,118,184,207,651,95,378,373,1261,213
0543,Vestre Slidre,2011,187,173,609,115,178,206,655,94,365,379,1264,209
0543,Vestre Slidre,2012,180,166,624,117,179,206,669,91,359,372,1293,208
0543,Vestre Slidre,2013,178,167,616,119,184,196,664,95,362,363,1280,214
0543,Vestre Slidre,2014,177,166,616,124,189,179,642,94,366,345,1258,218
0544,Øystre Slidre,1999,260,299,794,185,309,277,830,93,569,576,1624,278
0544,Øystre Slidre,2000,273,286,805,174,318,272,839,93,591,558,1644,267
0544,Øystre Slidre,2001,286,280,812,178,310,259,855,95,596,539,1667,273
0544,Øystre Slidre,2002,295,253,827,178,301,262,857,88,596,515,1684,266
0544,Øystre Slidre,2003,305,254,831,179,296,272,865,87,601,526,1696,266
0544,Øystre Slidre,2004,303,246,841,188,299,268,881,90,602,514,1722,278
0544,Øystre Slidre,2005,293,257,847,181,277,286,877,96,570,543,1724,277
0544,Øystre Slidre,2006,282,267,856,179,286,274,894,99,568,541,1750,278
0544,Øystre Slidre,2007,277,284,867,172,293,284,894,95,570,568,1761,267
0544,Øystre Slidre,2008,272,274,878,169,288,294,906,95,560,568,1784,264
0544,Øystre Slidre,2009,264,268,888,171,291,302,906,91,555,570,1794,262
0544,Øystre Slidre,2010,274,275,900,170,304,296,901,96,578,571,1801,266
0544,Øystre Slidre,2011,260,274,912,163,284,279,901,98,544,553,1813,261
0544,Øystre Slidre,2012,246,274,912,160,287,290,908,97,533,564,1820,257
0544,Øystre Slidre,2013,244,279,920,157,282,296,919,100,526,575,1839,257
0544,Øystre Slidre,2014,242,275,936,153,268,309,923,100,510,584,1859,253
0545,Vang,1999,163,127,422,114,155,158,417,77,318,285,839,191
0545,Vang,2000,162,139,418,116,154,172,439,75,316,311,857,191
0545,Vang,2001,166,141,412,126,149,171,438,74,315,312,850,200
0545,Vang,2002,150,145,408,123,147,158,442,68,297,303,850,191
0545,Vang,2003,152,142,412,119,157,144,447,63,309,286,859,182
0545,Vang,2004,144,139,408,122,154,150,439,60,298,289,847,182
0545,Vang,2005,140,151,401,121,148,150,445,57,288,301,846,178
0545,Vang,2006,142,153,400,121,150,146,453,59,292,299,853,180
0545,Vang,2007,130,151,391,126,144,144,449,56,274,295,840,182
0545,Vang,2008,128,148,396,115,140,153,448,54,268,301,844,169
0545,Vang,2009,127,146,399,110,140,161,443,57,267,307,842,167
0545,Vang,2010,126,154,401,112,132,162,445,58,258,316,846,170
0545,Vang,2011,127,144,419,97,133,155,454,62,260,299,873,159
0545,Vang,2012,121,147,430,90,133,171,461,64,254,318,891,154
0545,Vang,2013,120,143,421,84,128,163,477,61,248,306,898,145
0545,Vang,2014,118,147,424,84,126,156,486,61,244,303,910,145
0602,Drammen,1999,4765,5437,14724,3193,4996,5455,14227,1564,9761,10892,28951,4757
0602,Drammen,2000,4830,5414,14860,3194,5036,5423,14496,1563,9866,10837,29356,4757
0602,Drammen,2001,4894,5474,15003,3188,5111,5332,14755,1564,10005,10806,29758,4752
0602,Drammen,2002,4969,5401,15292,3169,5185,5310,14955,1581,10154,10711,30247,4750
0602,Drammen,2003,5074,5365,15571,3107,5220,5374,15149,1584,10294,10739,30720,4691
0602,Drammen,2004,5081,5347,15704,3078,5233,5343,15297,1605,10314,10690,31001,4683
0602,Drammen,2005,5153,5347,15894,3086,5279,5314,15445,1630,10432,10661,31339,4716
0602,Drammen,2006,5154,5500,16066,3091,5304,5376,15622,1646,10458,10876,31688,4737
0602,Drammen,2007,5232,5520,16369,3056,5447,5513,15919,1674,10679,11033,32288,4730
0602,Drammen,2008,5314,5679,16702,3009,5561,5769,16435,1676,10875,11448,33137,4685
0602,Drammen,2009,5478,5781,17044,2962,5754,5851,16857,1678,11232,11632,33901,4640
0602,Drammen,2010,5516,5978,17371,2954,5804,6054,17184,1705,11320,12032,34555,4659
0602,Drammen,2011,5616,6123,17666,2953,5828,6144,17528,1724,11444,12267,35194,4677
0602,Drammen,2012,5689,6213,17893,2969,5916,6280,17881,1756,11605,12493,35774,4725
0602,Drammen,2013,5722,6304,18193,2941,5937,6374,18184,1818,11659,12678,36377,4759
0602,Drammen,2014,5737,6361,18405,2939,6043,6424,18446,1859,11780,12785,36851,4798
0604,Kongsberg,1999,1899,2104,5981,1084,2052,2311,6045,628,3951,4415,12026,1712
0604,Kongsberg,2000,1924,2086,6053,1089,2076,2304,6105,656,4000,4390,12158,1745
0604,Kongsberg,2001,1950,2082,6127,1092,2091,2299,6176,667,4041,4381,12303,1759
0604,Kongsberg,2002,2002,2038,6190,1103,2117,2264,6283,660,4119,4302,12473,1763
0604,Kongsberg,2003,2020,2057,6246,1087,2146,2266,6432,654,4166,4323,12678,1741
0604,Kongsberg,2004,2050,2060,6350,1087,2199,2228,6510,670,4249,4288,12860,1757
0604,Kongsberg,2005,2056,2020,6433,1088,2180,2219,6586,662,4236,4239,13019,1750
0604,Kongsberg,2006,2041,2019,6499,1087,2174,2170,6668,657,4215,4189,13167,1744
0604,Kongsberg,2007,2062,2033,6583,1108,2218,2208,6743,689,4280,4241,13326,1797
0604,Kongsberg,2008,2079,2056,6666,1095,2249,2274,6865,713,4328,4330,13531,1808
0604,Kongsberg,2009,2144,2079,6757,1109,2294,2321,6958,719,4438,4400,13715,1828
0604,Kongsberg,2010,2162,2119,6866,1086,2331,2366,7056,728,4493,4485,13922,1814
0604,Kongsberg,2011,2187,2180,6982,1088,2385,2351,7190,727,4572,4531,14172,1815
0604,Kongsberg,2012,2196,2237,7073,1084,2388,2444,7317,740,4584,4681,14390,1824
0604,Kongsberg,2013,2245,2230,7194,1071,2408,2530,7456,753,4653,4760,14650,1824
0604,Kongsberg,2014,2300,2270,7337,1087,2438,2624,7566,784,4738,4894,14903,1871
0605,Ringerike (1977-2019),1999,2381,2518,7659,1543,2596,2631,7467,1005,4977,5149,15126,2548
0605,Ringerike (1977-2019),2000,2396,2530,7671,1561,2588,2625,7515,1031,4984,5155,15186,2592
0605,Ringerike (1977-2019),2001,2450,2475,7718,1584,2633,2555,7598,1017,5083,5030,15316,2601
0605,Ringerike (1977-2019),2002,2460,2412,7724,1604,2576,2499,7609,1028,5036,4911,15333,2632
0605,Ringerike (1977-2019),2003,2439,2417,7826,1584,2585,2481,7711,1012,5024,4898,15537,2596
0605,Ringerike (1977-2019),2004,2412,2394,7858,1597,2529,2494,7757,1019,4941,4888,15615,2616
0605,Ringerike (1977-2019),2005,2374,2389,7902,1591,2507,2493,7806,1017,4881,4882,15708,2608
0605,Ringerike (1977-2019),2006,2388,2409,7934,1617,2472,2528,7825,1024,4860,4937,15759,2641
0605,Ringerike (1977-2019),2007,2352,2453,8029,1611,2446,2579,7881,1034,4798,5032,15910,2645
0605,Ringerike (1977-2019),2008,2343,2508,8062,1595,2428,2609,7965,1013,4771,5117,16027,2608
0605,Ringerike (1977-2019),2009,2302,2553,8120,1546,2443,2654,8021,1006,4745,5207,16141,2552
0605,Ringerike (1977-2019),2010,2282,2583,8196,1515,2442,2705,8091,992,4724,5288,16287,2507
0605,Ringerike (1977-2019),2011,2275,2531,8306,1486,2441,2731,8196,980,4716,5262,16502,2466
0605,Ringerike (1977-2019),2012,2307,2544,8374,1477,2459,2778,8318,979,4766,5322,16692,2456
0605,Ringerike (1977-2019),2013,2277,2585,8449,1473,2426,2795,8405,990,4703,5380,16854,2463
0605,Ringerike (1977-2019),2014,2273,2559,8525,1474,2427,2830,8504,1032,4700,5389,17029,2506
0612,Hole (1977-2019),1999,459,444,1336,209,493,443,1382,135,952,887,2718,344
0612,Hole (1977-2019),2000,479,424,1388,203,505,436,1408,134,984,860,2796,337
0612,Hole (1977-2019),2001,465,426,1407,205,514,433,1433,141,979,859,2840,346
0612,Hole (1977-2019),2002,474,428,1442,202,535,453,1442,141,1009,881,2884,343
0612,Hole (1977-2019),2003,460,428,1432,207,534,417,1480,142,994,845,2912,349
0612,Hole (1977-2019),2004,488,427,1458,213,551,401,1507,154,1039,828,2965,367
0612,Hole (1977-2019),2005,488,423,1489,205,536,412,1513,163,1024,835,3002,368
0612,Hole (1977-2019),2006,501,408,1529,203,535,433,1545,153,1036,841,3074,356
0612,Hole (1977-2019),2007,521,412,1553,207,538,439,1605,161,1059,851,3158,368
0612,Hole (1977-2019),2008,518,451,1612,210,566,452,1639,174,1084,903,3251,384
0612,Hole (1977-2019),2009,539,476,1672,217,599,464,1720,174,1138,940,3392,391
0612,Hole (1977-2019),2010,528,484,1706,218,623,472,1759,186,1151,956,3465,404
0612,Hole (1977-2019),2011,542,486,1743,231,634,497,1821,186,1176,983,3564,417
0612,Hole (1977-2019),2012,566,489,1770,250,634,537,1891,185,1200,1026,3661,435
0612,Hole (1977-2019),2013,576,509,1809,253,632,551,1944,189,1208,1060,3753,442
0612,Hole (1977-2019),2014,601,512,1883,251,655,547,1956,190,1256,1059,3839,441
0615,Flå,1999,84,83,290,87,94,110,306,60,178,193,596,147
0615,Flå,2000,87,82,288,85,88,110,306,56,175,192,594,141
0615,Flå,2001,88,73,280,84,76,108,303,54,164,181,583,138
0615,Flå,2002,87,67,277,86,81,103,307,57,168,170,584,143
0615,Flå,2003,83,64,273,88,85,99,299,58,168,163,572,146
0615,Flå,2004,81,65,272,83,85,92,300,52,166,157,572,135
0615,Flå,2005,83,67,271,82,83,85,293,50,166,152,564,132
0615,Flå,2006,78,62,273,81,84,83,291,46,162,145,564,127
0615,Flå,2007,76,55,273,79,85,80,293,48,161,135,566,127
0615,Flå,2008,77,51,271,81,83,73,293,45,160,124,564,126
0615,Flå,2009,77,62,275,82,92,73,303,47,169,135,578,129
0615,Flå,2010,75,64,269,78,87,75,300,50,162,139,569,128
0615,Flå,2011,74,61,272,80,83,80,302,48,157,141,574,128
0615,Flå,2012,78,69,283,78,79,93,304,50,157,162,587,128
0615,Flå,2013,72,82,279,76,85,94,315,47,157,176,594,123
0615,Flå,2014,61,87,272,78,79,90,320,46,140,177,592,124
0616,Nes (Buskerud),1999,335,317,907,212,328,366,886,141,663,683,1793,353
0616,Nes (Buskerud),2000,352,294,922,217,338,370,898,137,690,664,1820,354
0616,Nes (Buskerud),2001,357,301,936,219,346,366,917,132,703,667,1853,351
0616,Nes (Buskerud),2002,338,280,934,217,342,328,904,136,680,608,1838,353
0616,Nes (Buskerud),2003,330,282,948,223,342,310,925,139,672,592,1873,362
0616,Nes (Buskerud),2004,308,299,942,223,334,299,922,140,642,598,1864,363
0616,Nes (Buskerud),2005,306,301,952,221,327,305,936,137,633,606,1888,358
0616,Nes (Buskerud),2006,303,301,966,224,333,313,936,148,636,614,1902,372
0616,Nes (Buskerud),2007,280,303,943,237,314,287,936,156,594,590,1879,393
0616,Nes (Buskerud),2008,269,310,941,239,317,301,932,150,586,611,1873,389
0616,Nes (Buskerud),2009,264,311,941,236,306,302,950,151,570,613,1891,387
0616,Nes (Buskerud),2010,258,298,937,234,288,293,962,150,546,591,1899,384
0616,Nes (Buskerud),2011,272,301,946,229,283,306,962,146,555,607,1908,375
0616,Nes (Buskerud),2012,272,295,960,221,279,314,963,148,551,609,1923,369
0616,Nes (Buskerud),2013,256,305,959,214,267,309,978,147,523,614,1937,361
0616,Nes (Buskerud),2014,251,310,962,206,266,317,983,150,517,627,1945,356
0617,Gol,1999,376,423,1150,243,366,466,1144,188,742,889,2294,431
0617,Gol,2000,387,426,1161,243,389,450,1149,185,776,876,2310,428
0617,Gol,2001,393,412,1166,241,415,416,1168,181,808,828,2334,422
0617,Gol,2002,390,398,1192,238,421,398,1200,178,811,796,2392,416
0617,Gol,2003,377,366,1197,243,415,396,1206,179,792,762,2403,422
0617,Gol,2004,388,366,1201,251,397,379,1208,182,785,745,2409,433
0617,Gol,2005,375,379,1201,241,404,378,1214,183,779,757,2415,424
0617,Gol,2006,378,402,1196,236,389,391,1228,184,767,793,2424,420
0617,Gol,2007,391,372,1208,238,410,390,1246,180,801,762,2454,418
0617,Gol,2008,396,368,1221,232,410,381,1251,180,806,749,2472,412
0617,Gol,2009,403,392,1247,235,412,380,1265,182,815,772,2512,417
0617,Gol,2010,395,379,1248,232,409,371,1269,176,804,750,2517,408
0617,Gol,2011,408,391,1266,236,428,368,1301,174,836,759,2567,410
0617,Gol,2012,400,380,1285,233,421,369,1321,172,821,749,2606,405
0617,Gol,2013,410,395,1309,234,412,394,1333,180,822,789,2642,414
0617,Gol,2014,398,398,1303,241,387,403,1313,188,785,801,2616,429
0618,Hemsedal,1999,165,217,445,91,187,189,464,72,352,406,909,163
0618,Hemsedal,2000,191,221,480,87,203,206,501,69,394,427,981,156
0618,Hemsedal,2001,206,208,504,82,221,199,524,71,427,407,1028,153
0618,Hemsedal,2002,191,181,497,87,199,185,513,68,390,366,1010,155
0618,Hemsedal,2003,193,161,505,83,199,159,510,63,392,320,1015,146
0618,Hemsedal,2004,192,153,507,79,201,156,523,65,393,309,1030,144
0618,Hemsedal,2005,198,156,520,76,206,152,537,64,404,308,1057,140
0618,Hemsedal,2006,200,160,528,77,211,157,548,66,411,317,1076,143
0618,Hemsedal,2007,201,172,523,80,210,161,554,62,411,333,1077,142
0618,Hemsedal,2008,194,164,526,82,215,156,574,57,409,320,1100,139
0618,Hemsedal,2009,187,168,528,86,218,163,587,58,405,331,1115,144
0618,Hemsedal,2010,198,178,554,84,219,180,610,64,417,358,1164,148
0618,Hemsedal,2011,199,192,573,80,228,177,626,65,427,369,1199,145
0618,Hemsedal,2012,216,216,583,82,237,184,640,70,453,400,1223,152
0618,Hemsedal,2013,206,210,596,85,222,200,634,71,428,410,1230,156
0618,Hemsedal,2014,195,216,616,89,224,214,674,67,419,430,1290,156
0619,Ål,1999,468,404,1229,293,466,437,1200,207,934,841,2429,500
0619,Ål,2000,492,398,1248,292,486,456,1200,217,978,854,2448,509
0619,Ål,2001,473,414,1232,302,481,442,1207,211,954,856,2439,513
0619,Ål,2002,481,418,1239,289,484,418,1205,196,965,836,2444,485
0619,Ål,2003,477,407,1241,288,483,396,1231,185,960,803,2472,473
0619,Ål,2004,456,398,1245,286,462,398,1216,195,918,796,2461,481
0619,Ål,2005,458,401,1256,283,446,416,1217,193,904,817,2473,476
0619,Ål,2006,471,383,1251,288,438,410,1222,199,909,793,2473,487
0619,Ål,2007,464,390,1241,290,434,402,1227,194,898,792,2468,484
0619,Ål,2008,463,401,1249,294,437,419,1227,196,900,820,2476,490
0619,Ål,2009,445,395,1245,287,413,426,1240,189,858,821,2485,476
0619,Ål,2010,450,398,1246,282,405,436,1260,195,855,834,2506,477
0619,Ål,2011,455,399,1255,285,408,448,1281,182,863,847,2536,467
0619,Ål,2012,458,413,1243,278,415,459,1296,179,873,872,2539,457
0619,Ål,2013,444,417,1263,275,413,456,1301,192,857,873,2564,467
0619,Ål,2014,425,406,1265,270,421,434,1298,194,846,840,2563,464
0620,Hol,1999,390,482,1225,263,422,453,1213,189,812,935,2438,452
0620,Hol,2000,404,460,1248,261,429,434,1219,187,833,894,2467,448
0620,Hol,2001,430,438,1246,258,445,405,1251,192,875,843,2497,450
0620,Hol,2002,401,437,1240,251,436,393,1233,187,837,830,2473,438
0620,Hol,2003,410,436,1237,258,430,394,1239,178,840,830,2476,436
0620,Hol,2004,397,434,1234,252,417,414,1228,180,814,848,2462,432
0620,Hol,2005,409,427,1241,248,419,393,1236,184,828,820,2477,432
0620,Hol,2006,402,405,1227,239,400,399,1240,188,802,804,2467,427
0620,Hol,2007,393,400,1218,247,376,414,1245,182,769,814,2463,429
0620,Hol,2008,373,401,1214,247,364,424,1235,180,737,825,2449,427
0620,Hol,2009,360,384,1222,248,367,420,1255,174,727,804,2477,422
0620,Hol,2010,351,379,1232,243,374,397,1271,175,725,776,2503,418
0620,Hol,2011,348,389,1252,230,385,413,1276,160,733,802,2528,390
0620,Hol,2012,335,395,1249,229,365,429,1291,164,700,824,2540,393
0620,Hol,2013,310,394,1256,228,352,437,1303,168,662,831,2559,396
0620,Hol,2014,300,377,1285,229,349,426,1319,167,649,803,2604,396
0621,Sigdal,1999,334,297,972,222,306,358,963,159,640,655,1935,381
0621,Sigdal,2000,334,273,968,226,287,341,963,164,621,614,1931,390
0621,Sigdal,2001,323,279,964,241,307,326,952,172,630,605,1916,413
0621,Sigdal,2002,323,271,947,252,320,304,953,174,643,575,1900,426
0621,Sigdal,2003,327,265,944,258,320,310,970,175,647,575,1914,433
0621,Sigdal,2004,307,272,942,256,321,294,975,163,628,566,1917,419
0621,Sigdal,2005,296,272,960,252,331,280,988,158,627,552,1948,410
0621,Sigdal,2006,291,274,943,251,330,268,992,152,621,542,1935,403
0621,Sigdal,2007,273,279,959,250,325,285,979,146,598,564,1938,396
0621,Sigdal,2008,295,284,955,247,328,289,987,139,623,573,1942,386
0621,Sigdal,2009,296,286,953,256,329,275,1007,132,625,561,1960,388
0621,Sigdal,2010,281,295,954,247,320,274,1019,124,601,569,1973,371
0621,Sigdal,2011,283,290,960,251,323,258,1030,129,606,548,1990,380
0621,Sigdal,2012,294,275,971,248,320,259,1041,127,614,534,2012,375
0621,Sigdal,2013,282,289,967,249,310,277,1040,124,592,566,2007,373
0621,Sigdal,2014,274,284,967,238,309,275,1041,121,583,559,2008,359
0622,Krødsherad,1999,223,202,589,146,184,224,603,98,407,426,1192,244
0622,Krødsherad,2000,219,198,597,144,186,206,611,93,405,404,1208,237
0622,Krødsherad,2001,218,201,615,138,171,215,606,91,389,416,1221,229
0622,Krødsherad,2002,206,201,620,137,166,208,605,90,372,409,1225,227
0622,Krødsherad,2003,209,196,620,131,177,197,598,85,386,393,1218,216
0622,Krødsherad,2004,209,185,622,127,174,196,602,86,383,381,1224,213
0622,Krødsherad,2005,194,193,607,129,168,180,604,76,362,373,1211,205
0622,Krødsherad,2006,190,183,607,129,154,191,601,72,344,374,1208,201
0622,Krødsherad,2007,188,177,605,129,151,190,611,69,339,367,1216,198
0622,Krødsherad,2008,178,172,602,131,138,193,618,66,316,365,1220,197
0622,Krødsherad,2009,174,181,603,129,145,195,618,69,319,376,1221,198
0622,Krødsherad,2010,161,189,607,121,149,195,630,65,310,384,1237,186
0622,Krødsherad,2011,174,200,602,126,161,194,650,57,335,394,1252,183
0622,Krødsherad,2012,174,204,606,125,157,202,664,54,331,406,1270,179
0622,Krødsherad,2013,172,211,627,117,182,184,672,58,354,395,1299,175
0622,Krødsherad,2014,182,204,644,116,183,187,689,60,365,391,1333,176
0623,Modum,1999,1062,1134,3265,750,1112,1289,3216,507,2174,2423,6481,1257
0623,Modum,2000,1045,1117,3297,737,1146,1266,3260,498,2191,2383,6557,1235
0623,Modum,2001,1056,1123,3350,741,1155,1264,3312,493,2211,2387,6662,1234
0623,Modum,2002,1039,1108,3421,724,1152,1229,3390,478,2191,2337,6811,1202
0623,Modum,2003,1030,1117,3453,721,1152,1211,3455,472,2182,2328,6908,1193
0623,Modum,2004,1021,1119,3484,706,1144,1191,3481,448,2165,2310,6965,1154
0623,Modum,2005,997,1098,3500,692,1133,1168,3505,448,2130,2266,7005,1140
0623,Modum,2006,988,1123,3507,690,1133,1154,3554,436,2121,2277,7061,1126
0623,Modum,2007,1013,1101,3527,695,1123,1140,3565,425,2136,2241,7092,1120
0623,Modum,2008,1023,1098,3581,694,1118,1127,3640,414,2141,2225,7221,1108
0623,Modum,2009,1039,1106,3638,673,1150,1162,3688,416,2189,2268,7326,1089
0623,Modum,2010,1053,1103,3643,679,1140,1148,3739,406,2193,2251,7382,1085
0623,Modum,2011,1041,1104,3668,666,1132,1152,3786,391,2173,2256,7454,1057
0623,Modum,2012,1047,1098,3742,663,1149,1188,3832,397,2196,2286,7574,1060
0623,Modum,2013,1083,1103,3819,660,1158,1215,3905,394,2241,2318,7724,1054
0623,Modum,2014,1107,1124,3892,665,1180,1205,4003,405,2287,2329,7895,1070
0624,Øvre Eiker,1999,1367,1365,3961,794,1505,1493,4035,458,2872,2858,7996,1252
0624,Øvre Eiker,2000,1377,1371,4005,778,1523,1437,4089,478,2900,2808,8094,1256
0624,Øvre Eiker,2001,1406,1351,4064,763,1537,1420,4171,485,2943,2771,8235,1248
0624,Øvre Eiker,2002,1425,1313,4079,764,1511,1403,4171,495,2936,2716,8250,1259
0624,Øvre Eiker,2003,1459,1314,4163,761,1517,1398,4237,488,2976,2712,8400,1249
0624,Øvre Eiker,2004,1436,1325,4184,776,1518,1423,4272,478,2954,2748,8456,1254
0624,Øvre Eiker,2005,1450,1345,4243,781,1516,1459,4349,490,2966,2804,8592,1271
0624,Øvre Eiker,2006,1459,1353,4348,771,1536,1465,4382,511,2995,2818,8730,1282
0624,Øvre Eiker,2007,1451,1389,4400,773,1560,1436,4435,512,3011,2825,8835,1285
0624,Øvre Eiker,2008,1466,1423,4437,776,1577,1488,4452,513,3043,2911,8889,1289
0624,Øvre Eiker,2009,1486,1404,4496,776,1596,1536,4538,518,3082,2940,9034,1294
0624,Øvre Eiker,2010,1501,1432,4556,766,1611,1559,4674,517,3112,2991,9230,1283
0624,Øvre Eiker,2011,1531,1486,4635,756,1643,1604,4828,504,3174,3090,9463,1260
0624,Øvre Eiker,2012,1540,1532,4771,742,1667,1665,4996,508,3207,3197,9767,1250
0624,Øvre Eiker,2013,1569,1604,4849,754,1676,1704,5084,512,3245,3308,9933,1266
0624,Øvre Eiker,2014,1581,1602,4875,751,1693,1743,5136,538,3274,3345,10011,1289
0625,Nedre Eiker,1999,2054,1959,5421,810,2141,2082,5304,438,4195,4041,10725,1248
0625,Nedre Eiker,2000,2118,1912,5547,827,2200,2036,5419,443,4318,3948,10966,1270
0625,Nedre Eiker,2001,2116,1903,5630,827,2198,2040,5457,465,4314,3943,11087,1292
0625,Nedre Eiker,2002,2177,1868,5738,828,2249,2011,5590,470,4426,3879,11328,1298
0625,Nedre Eiker,2003,2181,1844,5806,828,2225,1997,5691,472,4406,3841,11497,1300
0625,Nedre Eiker,2004,2228,1874,5903,840,2247,1993,5800,492,4475,3867,11703,1332
0625,Nedre Eiker,2005,2214,1874,5989,846,2216,1986,5893,504,4430,3860,11882,1350
0625,Nedre Eiker,2006,2202,1895,6031,854,2190,2024,5954,503,4392,3919,11985,1357
0625,Nedre Eiker,2007,2192,1921,6103,858,2199,2054,6038,512,4391,3975,12141,1370
0625,Nedre Eiker,2008,2219,1924,6150,854,2242,2060,6135,508,4461,3984,12285,1362
0625,Nedre Eiker,2009,2216,1976,6225,846,2264,2073,6216,516,4480,4049,12441,1362
0625,Nedre Eiker,2010,2267,2011,6336,841,2306,2079,6320,527,4573,4090,12656,1368
0625,Nedre Eiker,2011,2253,2085,6363,831,2321,2109,6428,527,4574,4194,12791,1358
0625,Nedre Eiker,2012,2282,2093,6452,840,2354,2164,6532,545,4636,4257,12984,1385
0625,Nedre Eiker,2013,2287,2127,6550,842,2391,2244,6650,549,4678,4371,13200,1391
0625,Nedre Eiker,2014,2291,2122,6671,836,2354,2246,6729,562,4645,4368,13400,1398
0626,Lier,1999,2198,1929,5729,804,2319,1970,5747,501,4517,3899,11476,1305
0626,Lier,2000,2226,1918,5774,815,2341,1893,5832,509,4567,3811,11606,1324
0626,Lier,2001,2252,1916,5877,821,2344,1891,5924,515,4596,3807,11801,1336
0626,Lier,2002,2261,1840,5932,850,2288,1852,5979,534,4549,3692,11911,1384
0626,Lier,2003,2279,1816,5983,852,2324,1803,6044,537,4603,3619,12027,1389
0626,Lier,2004,2250,1753,6033,862,2331,1735,6085,545,4581,3488,12118,1407
0626,Lier,2005,2282,1742,6084,872,2335,1731,6113,566,4617,3473,12197,1438
0626,Lier,2006,2274,1769,6118,879,2319,1755,6175,585,4593,3524,12293,1464
0626,Lier,2007,2265,1850,6219,849,2339,1840,6304,591,4604,3690,12523,1440
0626,Lier,2008,2268,1877,6352,847,2346,1913,6515,582,4614,3790,12867,1429
0626,Lier,2009,2229,1895,6424,838,2386,1947,6575,579,4615,3842,12999,1417
0626,Lier,2010,2260,1928,6572,830,2423,1992,6671,591,4683,3920,13243,1421
0626,Lier,2011,2252,1950,6685,807,2431,2078,6794,583,4683,4028,13479,1390
0626,Lier,2012,2294,2007,6839,811,2476,2177,6981,592,4770,4184,13820,1403
0626,Lier,2013,2314,2045,7001,805,2524,2255,7213,606,4838,4300,14214,1411
0626,Lier,2014,2357,2091,7094,848,2569,2275,7330,611,4926,4366,14424,1459
0627,Røyken,1999,1756,1566,4328,451,1769,1499,4421,284,3525,3065,8749,735
0627,Røyken,2000,1741,1540,4408,453,1818,1474,4529,282,3559,3014,8937,735
0627,Røyken,2001,1777,1499,4547,477,1905,1464,4635,285,3682,2963,9182,762
0627,Røyken,2002,1826,1438,4627,493,1940,1428,4713,284,3766,2866,9340,777
0627,Røyken,2003,1837,1385,4772,483,1972,1407,4798,287,3809,2792,9570,770
0627,Røyken,2004,1835,1376,4839,494,1993,1372,4895,278,3828,2748,9734,772
0627,Røyken,2005,1859,1361,4930,507,1998,1379,4950,296,3857,2740,9880,803
0627,Røyken,2006,1895,1396,4996,501,2040,1409,5052,305,3935,2805,10048,806
0627,Røyken,2007,1882,1441,5084,509,2046,1433,5108,316,3928,2874,10192,825
0627,Røyken,2008,1916,1471,5171,516,2060,1498,5267,332,3976,2969,10438,848
0627,Røyken,2009,1954,1544,5304,533,2122,1522,5413,357,4076,3066,10717,890
0627,Røyken,2010,1953,1499,5390,533,2118,1545,5485,371,4071,3044,10875,904
0627,Røyken,2011,1964,1568,5496,542,2094,1632,5577,391,4058,3200,11073,933
0627,Røyken,2012,1970,1630,5591,546,2097,1690,5671,399,4067,3320,11262,945
0627,Røyken,2013,1959,1708,5691,578,2125,1754,5832,431,4084,3462,11523,1009
0627,Røyken,2014,1999,1755,5856,581,2173,1807,6002,448,4172,3562,11858,1029
0628,Hurum,1999,791,754,2163,423,791,799,2264,262,1582,1553,4427,685
0628,Hurum,2000,836,726,2223,414,818,782,2290,274,1654,1508,4513,688
0628,Hurum,2001,837,726,2258,411,866,742,2335,270,1703,1468,4593,681
0628,Hurum,2002,864,723,2319,417,889,729,2381,277,1753,1452,4700,694
0628,Hurum,2003,892,698,2384,410,900,726,2446,259,1792,1424,4830,669
0628,Hurum,2004,916,664,2437,410,919,697,2481,257,1835,1361,4918,667
0628,Hurum,2005,910,637,2481,399,905,701,2511,255,1815,1338,4992,654
0628,Hurum,2006,904,629,2540,399,907,684,2585,265,1811,1313,5125,664
0628,Hurum,2007,887,650,2553,399,902,684,2605,255,1789,1334,5158,654
0628,Hurum,2008,874,649,2595,400,891,683,2689,242,1765,1332,5284,642
0628,Hurum,2009,861,657,2602,394,882,670,2687,247,1743,1327,5289,641
0628,Hurum,2010,815,691,2633,388,880,720,2668,250,1695,1411,5301,638
0628,Hurum,2011,810,711,2664,382,874,741,2710,263,1684,1452,5374,645
0628,Hurum,2012,795,706,2706,381,830,774,2722,271,1625,1480,5428,652
0628,Hurum,2013,807,697,2746,387,826,809,2785,264,1633,1506,5531,651
0628,Hurum,2014,790,720,2757,381,820,808,2780,274,1610,1528,5537,655
0631,Flesberg,1999,240,206,646,137,225,254,692,100,465,460,1338,237
0631,Flesberg,2000,232,197,656,138,225,257,691,95,457,454,1347,233
0631,Flesberg,2001,254,198,662,137,230,251,707,96,484,449,1369,233
0631,Flesberg,2002,255,207,652,138,243,230,719,88,498,437,1371,226
0631,Flesberg,2003,246,202,661,140,241,223,725,85,487,425,1386,225
0631,Flesberg,2004,248,202,672,134,240,212,720,84,488,414,1392,218
0631,Flesberg,2005,251,188,683,136,249,188,736,86,500,376,1419,222
0631,Flesberg,2006,251,186,685,139,246,190,736,96,497,376,1421,235
0631,Flesberg,2007,239,188,689,139,242,191,740,95,481,379,1429,234
0631,Flesberg,2008,242,186,687,142,240,189,734,101,482,375,1421,243
0631,Flesberg,2009,234,189,695,138,248,206,736,98,482,395,1431,236
0631,Flesberg,2010,218,212,699,134,264,217,739,95,482,429,1438,229
0631,Flesberg,2011,219,205,708,135,264,214,753,94,483,419,1461,229
0631,Flesberg,2012,229,218,706,129,274,210,775,97,503,428,1481,226
0631,Flesberg,2013,236,219,715,126,269,217,780,95,505,436,1495,221
0631,Flesberg,2014,241,218,722,121,267,225,795,94,508,443,1517,215
0632,Rollag,1999,143,130,377,94,127,145,391,84,270,275,768,178
0632,Rollag,2000,139,124,382,93,143,139,385,87,282,263,767,180
0632,Rollag,2001,136,126,383,97,144,131,391,82,280,257,774,179
0632,Rollag,2002,140,110,384,102,144,125,391,81,284,235,775,183
0632,Rollag,2003,136,113,392,101,149,126,387,76,285,239,779,177
0632,Rollag,2004,141,108,396,102,152,121,401,74,293,229,797,176
0632,Rollag,2005,134,99,386,101,142,115,396,68,276,214,782,169
0632,Rollag,2006,128,91,388,103,130,113,392,69,258,204,780,172
0632,Rollag,2007,120,91,384,106,131,113,394,63,251,204,778,169
0632,Rollag,2008,124,92,390,102,133,123,390,65,257,215,780,167
0632,Rollag,2009,118,104,390,95,137,117,390,67,255,221,780,162
0632,Rollag,2010,105,108,389,92,127,110,390,69,232,218,779,161
0632,Rollag,2011,105,109,394,86,123,104,389,72,228,213,783,158
0632,Rollag,2012,98,113,392,83,118,111,393,75,216,224,785,158
0632,Rollag,2013,93,114,388,89,112,106,384,69,205,220,772,158
0632,Rollag,2014,88,118,388,95,110,104,394,72,198,222,782,167
0633,Nore og Uvdal,1999,239,258,705,187,285,273,732,129,524,531,1437,316
0633,Nore og Uvdal,2000,237,255,696,191,276,261,725,123,513,516,1421,314
0633,Nore og Uvdal,2001,230,235,703,191,280,253,734,129,510,488,1437,320
0633,Nore og Uvdal,2002,236,220,701,194,291,248,729,135,527,468,1430,329
0633,Nore og Uvdal,2003,236,206,698,188,285,233,720,137,521,439,1418,325
0633,Nore og Uvdal,2004,240,192,701,188,287,232,725,130,527,424,1426,318
0633,Nore og Uvdal,2005,229,191,695,183,278,222,711,126,507,413,1406,309
0633,Nore og Uvdal,2006,227,182,692,180,269,214,698,135,496,396,1390,315
0633,Nore og Uvdal,2007,212,189,675,173,250,215,682,130,462,404,1357,303
0633,Nore og Uvdal,2008,215,186,685,177,251,206,689,125,466,392,1374,302
0633,Nore og Uvdal,2009,193,183,681,182,241,209,693,121,434,392,1374,303
0633,Nore og Uvdal,2010,188,200,667,184,239,220,698,118,427,420,1365,302
0633,Nore og Uvdal,2011,186,202,669,180,234,223,708,122,420,425,1377,302
0633,Nore og Uvdal,2012,188,194,681,174,222,235,730,116,410,429,1411,290
0633,Nore og Uvdal,2013,183,179,684,180,210,248,738,109,393,427,1422,289
0633,Nore og Uvdal,2014,181,187,681,177,210,258,753,110,391,445,1434,287
0702,Holmestrand (-2017),1999,856,881,2558,465,858,938,2506,273,1714,1819,5064,738
0702,Holmestrand (-2017),2000,868,856,2600,467,872,895,2535,291,1740,1751,5135,758
0702,Holmestrand (-2017),2001,890,803,2630,469,874,875,2543,300,1764,1678,5173,769
0702,Holmestrand (-2017),2002,883,779,2665,479,866,851,2599,304,1749,1630,5264,783
0702,Holmestrand (-2017),2003,882,790,2692,486,857,850,2632,297,1739,1640,5324,783
0702,Holmestrand (-2017),2004,849,793,2707,497,874,845,2662,288,1723,1638,5369,785
0702,Holmestrand (-2017),2005,848,807,2743,483,876,862,2692,293,1724,1669,5435,776
0702,Holmestrand (-2017),2006,818,824,2758,488,891,859,2716,300,1709,1683,5474,788
0702,Holmestrand (-2017),2007,836,808,2795,469,894,865,2766,293,1730,1673,5561,762
0702,Holmestrand (-2017),2008,852,797,2845,466,885,909,2805,301,1737,1706,5650,767
0702,Holmestrand (-2017),2009,843,808,2860,461,885,936,2877,294,1728,1744,5737,755
0702,Holmestrand (-2017),2010,854,812,2891,468,903,929,2901,307,1757,1741,5792,775
0702,Holmestrand (-2017),2011,839,822,2965,470,920,899,2942,295,1759,1721,5907,765
0702,Holmestrand (-2017),2012,849,856,3010,460,922,899,2957,298,1771,1755,5967,758
0702,Holmestrand (-2017),2013,859,859,3043,464,919,888,3016,302,1778,1747,6059,766
0702,Holmestrand (-2017),2014,837,886,3066,467,916,899,3060,325,1753,1785,6126,792
0706,Sandefjord (-2016),1999,3671,3638,10592,2108,3771,3705,10213,1094,7442,7343,20805,3202
0706,Sandefjord (-2016),2000,3732,3600,10780,2148,3877,3660,10400,1120,7609,7260,21180,3268
0706,Sandefjord (-2016),2001,3804,3583,10995,2132,3967,3618,10565,1149,7771,7201,21560,3281
0706,Sandefjord (-2016),2002,3828,3530,11150,2100,4004,3603,10710,1154,7832,7133,21860,3254
0706,Sandefjord (-2016),2003,3903,3583,11274,2120,4072,3629,10925,1190,7975,7212,22199,3310
0706,Sandefjord (-2016),2004,3811,3651,11421,2130,4060,3645,11065,1209,7871,7296,22486,3339
0706,Sandefjord (-2016),2005,3795,3645,11567,2095,4064,3718,11175,1230,7859,7363,22742,3325
0706,Sandefjord (-2016),2006,3827,3623,11689,2071,4088,3704,11316,1237,7915,7327,23005,3308
0706,Sandefjord (-2016),2007,3858,3586,11885,2041,4109,3724,11442,1252,7967,7310,23327,3293
0706,Sandefjord (-2016),2008,3854,3655,11941,2096,4098,3799,11582,1308,7952,7454,23523,3404
0706,Sandefjord (-2016),2009,3824,3705,12076,2087,4100,3847,11715,1300,7924,7552,23791,3387
0706,Sandefjord (-2016),2010,3833,3821,12224,2062,4128,3932,11840,1286,7961,7753,24064,3348
0706,Sandefjord (-2016),2011,3846,3880,12368,2067,4095,4010,12083,1299,7941,7890,24451,3366
0706,Sandefjord (-2016),2012,3875,3923,12493,2103,4079,4108,12237,1332,7954,8031,24730,3435
0706,Sandefjord (-2016),2013,3877,3996,12632,2123,4095,4167,12377,1362,7972,8163,25009,3485
0706,Sandefjord (-2016),2014,3890,3998,12737,2166,4058,4257,12485,1385,7948,8255,25222,3551
0709,Larvik (1988-2017),1999,3694,3764,10724,2230,4039,3917,10460,1260,7733,7681,21184,3490
0709,Larvik (1988-2017),2000,3713,3721,10845,2261,4099,3868,10614,1265,7812,7589,21459,3526
0709,Larvik (1988-2017),2001,3720,3654,10988,2269,4132,3852,10764,1302,7852,7506,21752,3571
0709,Larvik (1988-2017),2002,3709,3645,11089,2255,4093,3799,10884,1321,7802,7444,21973,3576
0709,Larvik (1988-2017),2003,3665,3614,11218,2262,4064,3727,11012,1315,7729,7341,22230,3577
0709,Larvik (1988-2017),2004,3676,3571,11296,2292,4000,3722,11084,1349,7676,7293,22380,3641
0709,Larvik (1988-2017),2005,3653,3571,11403,2306,3964,3713,11147,1385,7617,7284,22550,3691
0709,Larvik (1988-2017),2006,3607,3578,11479,2305,3901,3699,11238,1404,7508,7277,22717,3709
0709,Larvik (1988-2017),2007,3559,3559,11601,2265,3892,3748,11344,1396,7451,7307,22945,3661
0709,Larvik (1988-2017),2008,3576,3632,11693,2262,3892,3825,11420,1423,7468,7457,23113,3685
0709,Larvik (1988-2017),2009,3606,3687,11818,2204,3927,3910,11563,1409,7533,7597,23381,3613
0709,Larvik (1988-2017),2010,3598,3694,11950,2182,3913,3958,11693,1424,7511,7652,23643,3606
0709,Larvik (1988-2017),2011,3605,3662,12062,2183,3880,4020,11807,1419,7485,7682,23869,3602
0709,Larvik (1988-2017),2012,3614,3637,12191,2167,3829,4089,11983,1437,7443,7726,24174,3604
0709,Larvik (1988-2017),2013,3596,3645,12286,2178,3770,4121,12106,1430,7366,7766,24392,3608
0709,Larvik (1988-2017),2014,3582,3611,12365,2200,3758,4108,12176,1458,7340,7719,24541,3658
0711,Svelvik,1999,619,567,1657,242,679,602,1686,140,1298,1169,3343,382
0711,Svelvik,2000,635,568,1682,251,691,591,1722,144,1326,1159,3404,395
0711,Svelvik,2001,641,569,1740,259,708,601,1755,143,1349,1170,3495,402
0711,Svelvik,2002,642,550,1774,252,712,589,1791,135,1354,1139,3565,387
0711,Svelvik,2003,650,523,1797,245,715,574,1798,134,1365,1097,3595,379
0711,Svelvik,2004,630,520,1829,246,706,553,1821,140,1336,1073,3650,386
0711,Svelvik,2005,622,525,1844,247,692,547,1817,147,1314,1072,3661,394
0711,Svelvik,2006,617,523,1879,242,667,553,1833,151,1284,1076,3712,393
0711,Svelvik,2007,604,519,1893,246,652,556,1841,155,1256,1075,3734,401
0711,Svelvik,2008,595,511,1889,247,642,560,1855,164,1237,1071,3744,411
0711,Svelvik,2009,575,514,1900,244,629,566,1873,158,1204,1080,3773,402
0711,Svelvik,2010,561,520,1927,236,621,568,1873,160,1182,1088,3800,396
0711,Svelvik,2011,550,519,1917,249,605,597,1906,151,1155,1116,3823,400
0711,Svelvik,2012,543,547,1932,256,605,609,1928,161,1148,1156,3860,417
0711,Svelvik,2013,538,547,1951,251,572,616,1931,164,1110,1163,3882,415
0711,Svelvik,2014,533,553,1948,253,564,607,1948,174,1097,1160,3896,427
0713,Sande (Vestfold),1999,741,706,1919,303,789,685,1946,197,1530,1391,3865,500
0713,Sande (Vestfold),2000,770,701,1936,310,794,691,1987,188,1564,1392,3923,498
0713,Sande (Vestfold),2001,788,706,1974,309,808,677,2019,197,1596,1383,3993,506
0713,Sande (Vestfold),2002,775,702,1986,325,828,675,2037,196,1603,1377,4023,521
0713,Sande (Vestfold),2003,773,712,1985,328,842,645,2068,201,1615,1357,4053,529
0713,Sande (Vestfold),2004,768,678,2051,332,855,630,2079,198,1623,1308,4130,530
0713,Sande (Vestfold),2005,772,664,2080,347,869,631,2119,208,1641,1295,4199,555
0713,Sande (Vestfold),2006,769,675,2105,356,867,622,2147,199,1636,1297,4252,555
0713,Sande (Vestfold),2007,774,655,2141,350,865,654,2185,203,1639,1309,4326,553
0713,Sande (Vestfold),2008,794,661,2204,347,863,666,2253,211,1657,1327,4457,558
0713,Sande (Vestfold),2009,821,699,2264,347,875,711,2293,204,1696,1410,4557,551
0713,Sande (Vestfold),2010,811,701,2281,355,890,752,2309,204,1701,1453,4590,559
0713,Sande (Vestfold),2011,822,745,2331,353,903,782,2372,221,1725,1527,4703,574
0713,Sande (Vestfold),2012,825,768,2380,355,890,835,2402,225,1715,1603,4782,580
0713,Sande (Vestfold),2013,815,779,2446,359,900,844,2460,232,1715,1623,4906,591
0713,Sande (Vestfold),2014,849,795,2494,377,908,835,2539,239,1757,1630,5033,616
0714,Hof (-2017),1999,255,298,721,146,258,286,745,97,513,584,1466,243
0714,Hof (-2017),2000,280,295,735,155,277,286,764,99,557,581,1499,254
0714,Hof (-2017),2001,312,281,756,155,291,282,796,97,603,563,1552,252
0714,Hof (-2017),2002,321,299,774,151,319,248,823,98,640,547,1597,249
0714,Hof (-2017),2003,307,279,788,151,324,243,846,102,631,522,1634,253
0714,Hof (-2017),2004,305,268,810,145,325,233,842,103,630,501,1652,248
0714,Hof (-2017),2005,298,268,818,152,329,226,861,96,627,494,1679,248
0714,Hof (-2017),2006,299,258,843,152,332,234,870,91,631,492,1713,243
0714,Hof (-2017),2007,297,263,848,147,323,247,881,93,620,510,1729,240
0714,Hof (-2017),2008,287,243,845,154,330,237,877,93,617,480,1722,247
0714,Hof (-2017),2009,286,242,847,148,325,227,894,89,611,469,1741,237
0714,Hof (-2017),2010,283,230,868,138,318,230,917,80,601,460,1785,218
0714,Hof (-2017),2011,282,232,867,136,319,233,921,83,601,465,1788,219
0714,Hof (-2017),2012,280,226,863,135,294,246,921,83,574,472,1784,218
0714,Hof (-2017),2013,272,233,871,128,301,245,929,81,573,478,1800,209
0714,Hof (-2017),2014,269,243,891,122,307,252,930,77,576,495,1821,199
0719,Andebu (-2016),1999,473,393,1164,214,460,514,1247,146,933,907,2411,360
0719,Andebu (-2016),2000,490,405,1174,213,467,504,1270,155,957,909,2444,368
0719,Andebu (-2016),2001,503,426,1179,221,479,497,1291,154,982,923,2470,375
0719,Andebu (-2016),2002,506,443,1205,211,494,490,1312,162,1000,933,2517,373
0719,Andebu (-2016),2003,520,433,1245,215,504,478,1341,163,1024,911,2586,378
0719,Andebu (-2016),2004,534,443,1281,208,515,502,1386,162,1049,945,2667,370
0719,Andebu (-2016),2005,552,445,1305,213,520,491,1398,159,1072,936,2703,372
0719,Andebu (-2016),2006,551,450,1333,209,534,481,1430,159,1085,931,2763,368
0719,Andebu (-2016),2007,526,449,1348,210,541,458,1454,151,1067,907,2802,361
0719,Andebu (-2016),2008,519,445,1371,212,547,470,1453,160,1066,915,2824,372
0719,Andebu (-2016),2009,519,471,1391,201,541,495,1471,152,1060,966,2862,353
0719,Andebu (-2016),2010,529,459,1400,212,543,517,1485,149,1072,976,2885,361
0719,Andebu (-2016),2011,509,500,1427,218,549,522,1504,143,1058,1022,2931,361
0719,Andebu (-2016),2012,502,508,1458,226,538,528,1544,144,1040,1036,3002,370
0719,Andebu (-2016),2013,486,522,1491,226,558,549,1567,147,1044,1071,3058,373
0719,Andebu (-2016),2014,512,529,1531,224,580,549,1640,154,1092,1078,3171,378
0720,Stokke (-2016),1999,1023,933,2460,338,1036,972,2471,188,2059,1905,4931,526
0720,Stokke (-2016),2000,1043,921,2511,348,1048,965,2523,198,2091,1886,5034,546
0720,Stokke (-2016),2001,1045,926,2554,343,1053,929,2553,210,2098,1855,5107,553
0720,Stokke (-2016),2002,1058,953,2620,340,1066,955,2611,212,2124,1908,5231,552
0720,Stokke (-2016),2003,1040,973,2681,338,1092,947,2691,223,2132,1920,5372,561
0720,Stokke (-2016),2004,1026,966,2669,344,1111,927,2721,221,2137,1893,5390,565
0720,Stokke (-2016),2005,1009,943,2704,348,1091,940,2746,233,2100,1883,5450,581
0720,Stokke (-2016),2006,1032,936,2747,354,1069,981,2771,237,2101,1917,5518,591
0720,Stokke (-2016),2007,1034,949,2817,354,1063,981,2810,237,2097,1930,5627,591
0720,Stokke (-2016),2008,1025,1041,2861,351,1069,1046,2918,229,2094,2087,5779,580
0720,Stokke (-2016),2009,1037,1110,2914,356,1083,1130,3005,231,2120,2240,5919,587
0720,Stokke (-2016),2010,1028,1128,2982,351,1109,1134,3021,241,2137,2262,6003,592
0720,Stokke (-2016),2011,1006,1108,3050,345,1119,1151,3093,257,2125,2259,6143,602
0720,Stokke (-2016),2012,997,1095,3081,353,1117,1127,3154,254,2114,2222,6235,607
0720,Stokke (-2016),2013,1009,1158,3134,374,1099,1128,3240,256,2108,2286,6374,630
0720,Stokke (-2016),2014,1004,1131,3158,393,1121,1157,3279,266,2125,2288,6437,659
0722,Nøtterøy (-2017),1999,1934,1675,5511,887,1973,1698,5185,529,3907,3373,10696,1416
0722,Nøtterøy (-2017),2000,1981,1631,5561,914,2010,1728,5241,535,3991,3359,10802,1449
0722,Nøtterøy (-2017),2001,1991,1633,5604,932,2043,1707,5273,559,4034,3340,10877,1491
0722,Nøtterøy (-2017),2002,1987,1576,5641,944,2021,1715,5319,594,4008,3291,10960,1538
0722,Nøtterøy (-2017),2003,1994,1594,5691,957,2006,1709,5377,599,4000,3303,11068,1556
0722,Nøtterøy (-2017),2004,1977,1624,5717,992,1980,1737,5396,627,3957,3361,11113,1619
0722,Nøtterøy (-2017),2005,1913,1639,5733,996,1997,1696,5396,652,3910,3335,11129,1648
0722,Nøtterøy (-2017),2006,1873,1676,5762,1016,1970,1753,5363,669,3843,3429,11125,1685
0722,Nøtterøy (-2017),2007,1900,1708,5777,1029,1980,1779,5440,692,3880,3487,11217,1721
0722,Nøtterøy (-2017),2008,1852,1748,5768,1049,1965,1848,5486,694,3817,3596,11254,1743
0722,Nøtterøy (-2017),2009,1885,1774,5840,1041,1950,1880,5553,677,3835,3654,11393,1718
0722,Nøtterøy (-2017),2010,1839,1861,5879,1027,1931,1901,5593,682,3770,3762,11472,1709
0722,Nøtterøy (-2017),2011,1863,1878,5932,1045,1961,1904,5634,680,3824,3782,11566,1725
0722,Nøtterøy (-2017),2012,1863,1877,5996,1040,1966,1894,5687,672,3829,3771,11683,1712
0722,Nøtterøy (-2017),2013,1864,1892,6040,1051,1971,1863,5739,680,3835,3755,11779,1731
0722,Nøtterøy (-2017),2014,1892,1900,6150,1062,2006,1869,5828,696,3898,3769,11978,1758
0723,Tjøme (-2017),1999,448,379,1215,218,470,386,1210,115,918,765,2425,333
0723,Tjøme (-2017),2000,459,375,1233,222,482,386,1225,123,941,761,2458,345
0723,Tjøme (-2017),2001,480,350,1247,220,486,375,1253,129,966,725,2500,349
0723,Tjøme (-2017),2002,465,356,1246,231,491,373,1251,120,956,729,2497,351
0723,Tjøme (-2017),2003,465,356,1263,217,493,364,1257,126,958,720,2520,343
0723,Tjøme (-2017),2004,442,374,1281,216,494,361,1256,129,936,735,2537,345
0723,Tjøme (-2017),2005,438,364,1315,211,479,372,1277,126,917,736,2592,337
0723,Tjøme (-2017),2006,420,372,1328,207,463,368,1284,124,883,740,2612,331
0723,Tjøme (-2017),2007,398,354,1317,206,433,378,1284,123,831,732,2601,329
0723,Tjøme (-2017),2008,393,368,1329,209,412,377,1323,134,805,745,2652,343
0723,Tjøme (-2017),2009,380,383,1380,217,423,401,1341,138,803,784,2721,355
0723,Tjøme (-2017),2010,349,383,1396,219,424,401,1371,142,773,784,2767,361
0723,Tjøme (-2017),2011,346,386,1410,226,421,403,1397,149,767,789,2807,375
0723,Tjøme (-2017),2012,357,395,1449,215,415,434,1398,150,772,829,2847,365
0723,Tjøme (-2017),2013,332,407,1471,224,402,445,1435,149,734,852,2906,373
0723,Tjøme (-2017),2014,330,426,1481,224,387,450,1470,159,717,876,2951,383
0728,Lardal (-2017),1999,193,212,609,138,196,242,642,96,389,454,1251,234
0728,Lardal (-2017),2000,203,227,612,136,205,239,653,104,408,466,1265,240
0728,Lardal (-2017),2001,220,219,621,135,222,230,655,109,442,449,1276,244
0728,Lardal (-2017),2002,216,209,631,138,216,212,650,114,432,421,1281,252
0728,Lardal (-2017),2003,218,205,637,137,224,216,660,109,442,421,1297,246
0728,Lardal (-2017),2004,203,196,638,139,228,207,670,105,431,403,1308,244
0728,Lardal (-2017),2005,202,190,665,140,229,211,680,102,431,401,1345,242
0728,Lardal (-2017),2006,197,186,684,140,247,202,682,107,444,388,1366,247
0728,Lardal (-2017),2007,185,184,676,141,244,197,694,99,429,381,1370,240
0728,Lardal (-2017),2008,182,182,659,140,234,199,691,96,416,381,1350,236
0728,Lardal (-2017),2009,179,179,658,140,238,188,705,92,417,367,1363,232
0728,Lardal (-2017),2010,180,191,664,143,234,195,712,90,414,386,1376,233
0728,Lardal (-2017),2011,181,185,673,137,233,203,725,83,414,388,1398,220
0728,Lardal (-2017),2012,178,174,685,127,234,207,728,80,412,381,1413,207
0728,Lardal (-2017),2013,186,186,694,127,239,201,725,77,425,387,1419,204
0728,Lardal (-2017),2014,182,181,701,126,249,201,742,78,431,382,1443,204
0805,Porsgrunn,1999,3022,3042,8729,1878,3104,3201,8462,1125,6126,6243,17191,3003
0805,Porsgrunn,2000,3117,3002,8818,1903,3155,3142,8595,1160,6272,6144,17413,3063
0805,Porsgrunn,2001,3165,2926,8888,1925,3210,3126,8747,1159,6375,6052,17635,3084
0805,Porsgrunn,2002,3154,2875,8937,1931,3210,2999,8864,1152,6364,5874,17801,3083
0805,Porsgrunn,2003,3146,2857,9019,1956,3200,2939,8944,1143,6346,5796,17963,3099
0805,Porsgrunn,2004,3148,2866,9083,1914,3187,2945,9035,1145,6335,5811,18118,3059
0805,Porsgrunn,2005,3143,2831,9176,1911,3130,2983,9092,1141,6273,5814,18268,3052
0805,Porsgrunn,2006,3114,2872,9254,1899,3084,3017,9171,1139,6198,5889,18425,3038
0805,Porsgrunn,2007,3104,2930,9420,1887,3096,3098,9346,1096,6200,6028,18766,2983
0805,Porsgrunn,2008,3055,2958,9474,1873,3074,3192,9488,1072,6129,6150,18962,2945
0805,Porsgrunn,2009,3064,2979,9586,1816,3093,3196,9606,1037,6157,6175,19192,2853
0805,Porsgrunn,2010,3037,3029,9715,1778,3074,3321,9634,1035,6111,6350,19349,2813
0805,Porsgrunn,2011,3046,3112,9802,1749,3103,3353,9842,1036,6149,6465,19644,2785
0805,Porsgrunn,2012,2980,3163,9891,1733,3044,3433,9942,1033,6024,6596,19833,2766
0805,Porsgrunn,2013,2967,3216,9926,1717,3045,3453,10000,1068,6012,6669,19926,2785
0805,Porsgrunn,2014,2961,3233,9984,1722,2997,3483,10069,1067,5958,6716,20053,2789
0806,Skien,1999,4631,4744,13302,2720,4802,4917,12901,1481,9433,9661,26203,4201
0806,Skien,2000,4645,4607,13434,2733,4832,4804,13005,1532,9477,9411,26439,4265
0806,Skien,2001,4655,4563,13533,2755,4822,4790,13079,1543,9477,9353,26612,4298
0806,Skien,2002,4655,4594,13619,2756,4870,4680,13195,1567,9525,9274,26814,4323
0806,Skien,2003,4665,4555,13816,2737,4915,4625,13369,1590,9580,9180,27185,4327
0806,Skien,2004,4644,4550,13987,2700,4889,4637,13522,1578,9533,9187,27509,4278
0806,Skien,2005,4631,4499,14126,2724,4865,4638,13644,1549,9496,9137,27770,4273
0806,Skien,2006,4625,4475,14162,2718,4819,4649,13724,1589,9444,9124,27886,4307
0806,Skien,2007,4530,4481,14207,2666,4769,4672,13783,1588,9299,9153,27990,4254
0806,Skien,2008,4504,4531,14281,2638,4763,4671,13919,1557,9267,9202,28200,4195
0806,Skien,2009,4481,4712,14419,2572,4790,4773,14068,1544,9271,9485,28487,4116
0806,Skien,2010,4452,4819,14499,2544,4760,4861,14213,1520,9212,9680,28712,4064
0806,Skien,2011,4435,4903,14600,2525,4752,4983,14370,1509,9187,9886,28970,4034
0806,Skien,2012,4464,4966,14758,2503,4721,5043,14541,1513,9185,10009,29299,4016
0806,Skien,2013,4472,5050,14887,2508,4739,5146,14714,1499,9211,10196,29601,4007
0806,Skien,2014,4469,5076,15021,2504,4783,5260,14777,1549,9252,10336,29798,4053
0807,Notodden,1999,1020,1120,3224,852,1105,1138,3191,553,2125,2258,6415,1405
0807,Notodden,2000,1023,1113,3227,870,1123,1174,3189,553,2146,2287,6416,1423
0807,Notodden,2001,1004,1106,3234,882,1112,1152,3206,560,2116,2258,6440,1442
0807,Notodden,2002,1042,1066,3281,865,1122,1150,3257,557,2164,2216,6538,1422
0807,Notodden,2003,1049,1059,3315,870,1145,1145,3266,553,2194,2204,6581,1423
0807,Notodden,2004,1010,1076,3292,868,1119,1132,3280,545,2129,2208,6572,1413
0807,Notodden,2005,994,1078,3319,869,1114,1132,3320,533,2108,2210,6639,1402
0807,Notodden,2006,994,1085,3300,885,1098,1100,3329,523,2092,2185,6629,1408
0807,Notodden,2007,980,1035,3302,893,1091,1080,3328,512,2071,2115,6630,1405
0807,Notodden,2008,985,1060,3296,866,1095,1082,3346,502,2080,2142,6642,1368
0807,Notodden,2009,978,1070,3338,855,1103,1103,3362,504,2081,2173,6700,1359
0807,Notodden,2010,973,1081,3370,838,1094,1143,3397,494,2067,2224,6767,1332
0807,Notodden,2011,979,1094,3379,819,1074,1146,3430,475,2053,2240,6809,1294
0807,Notodden,2012,987,1088,3404,792,1091,1171,3453,483,2078,2259,6857,1275
0807,Notodden,2013,985,1118,3419,745,1085,1187,3491,467,2070,2305,6910,1212
0807,Notodden,2014,1005,1116,3445,746,1111,1180,3530,476,2116,2296,6975,1222
0811,Siljan,1999,245,220,587,74,235,231,606,68,480,451,1193,142
0811,Siljan,2000,248,208,594,77,241,221,617,63,489,429,1211,140
0811,Siljan,2001,246,208,617,76,259,213,632,67,505,421,1249,143
0811,Siljan,2002,247,206,618,80,263,206,636,72,510,412,1254,152
0811,Siljan,2003,253,211,631,81,264,200,638,65,517,411,1269,146
0811,Siljan,2004,242,219,635,79,265,206,637,66,507,425,1272,145
0811,Siljan,2005,245,228,638,82,261,198,651,69,506,426,1289,151
0811,Siljan,2006,227,227,640,81,255,224,640,68,482,451,1280,149
0811,Siljan,2007,229,219,649,84,256,217,639,69,485,436,1288,153
0811,Siljan,2008,217,223,656,86,253,235,637,73,470,458,1293,159
0811,Siljan,2009,217,224,661,89,257,240,641,75,474,464,1302,164
0811,Siljan,2010,209,231,663,88,261,225,659,76,470,456,1322,164
0811,Siljan,2011,206,224,669,94,256,222,674,74,462,446,1343,168
0811,Siljan,2012,201,237,670,97,252,234,664,77,453,471,1334,174
0811,Siljan,2013,216,228,667,100,250,232,659,74,466,460,1326,174
0811,Siljan,2014,204,218,668,106,250,210,670,78,454,428,1338,184
0814,Bamble,1999,1446,1403,3693,479,1571,1478,3727,314,3017,2881,7420,793
0814,Bamble,2000,1439,1375,3745,472,1563,1472,3752,324,3002,2847,7497,796
0814,Bamble,2001,1448,1339,3772,486,1576,1480,3806,317,3024,2819,7578,803
0814,Bamble,2002,1412,1310,3780,494,1576,1429,3841,317,2988,2739,7621,811
0814,Bamble,2003,1413,1276,3857,494,1528,1395,3882,325,2941,2671,7739,819
0814,Bamble,2004,1379,1282,3888,507,1502,1365,3908,332,2881,2647,7796,839
0814,Bamble,2005,1338,1262,3905,514,1486,1389,3913,347,2824,2651,7818,861
0814,Bamble,2006,1322,1274,3906,521,1421,1369,3939,352,2743,2643,7845,873
0814,Bamble,2007,1288,1275,3912,520,1385,1368,3945,368,2673,2643,7857,888
0814,Bamble,2008,1295,1258,3954,515,1355,1400,3962,370,2650,2658,7916,885
0814,Bamble,2009,1247,1241,3958,524,1353,1414,3998,362,2600,2655,7956,886
0814,Bamble,2010,1194,1259,4003,510,1336,1400,4045,360,2530,2659,8048,870
0814,Bamble,2011,1164,1281,3972,504,1297,1419,4027,366,2461,2700,7999,870
0814,Bamble,2012,1168,1288,3984,506,1314,1439,4040,367,2482,2727,8024,873
0814,Bamble,2013,1157,1277,4010,504,1283,1448,4074,376,2440,2725,8084,880
0814,Bamble,2014,1184,1275,4035,510,1237,1468,4097,387,2421,2743,8132,897
0815,Kragerø,1999,886,1037,2791,649,1013,1125,2770,359,1899,2162,5561,1008
0815,Kragerø,2000,922,1012,2819,623,1016,1076,2835,353,1938,2088,5654,976
0815,Kragerø,2001,939,968,2855,594,1017,1033,2862,352,1956,2001,5717,946
0815,Kragerø,2002,944,942,2866,588,996,1010,2915,349,1940,1952,5781,937
0815,Kragerø,2003,925,914,2896,573,953,1009,2937,352,1878,1923,5833,925
0815,Kragerø,2004,919,909,2918,579,959,984,2972,344,1878,1893,5890,923
0815,Kragerø,2005,898,909,2937,564,904,995,2980,342,1802,1904,5917,906
0815,Kragerø,2006,886,882,2944,552,915,960,2990,348,1801,1842,5934,900
0815,Kragerø,2007,872,865,2988,544,905,957,3002,348,1777,1822,5990,892
0815,Kragerø,2008,874,877,3037,532,921,966,3061,346,1795,1843,6098,878
0815,Kragerø,2009,848,891,3054,528,922,939,3094,344,1770,1830,6148,872
0815,Kragerø,2010,840,865,3099,527,892,945,3111,341,1732,1810,6210,868
0815,Kragerø,2011,834,869,3131,539,880,973,3128,341,1714,1842,6259,880
0815,Kragerø,2012,825,870,3151,546,878,976,3116,348,1703,1846,6267,894
0815,Kragerø,2013,797,894,3137,541,865,981,3130,355,1662,1875,6267,896
0815,Kragerø,2014,770,875,3127,540,862,968,3106,373,1632,1843,6233,913
0817,Drangedal,1999,379,375,1054,288,358,429,1087,189,737,804,2141,477
0817,Drangedal,2000,375,383,1052,300,355,432,1088,190,730,815,2140,490
0817,Drangedal,2001,383,385,1055,296,367,421,1102,191,750,806,2157,487
0817,Drangedal,2002,377,382,1059,289,381,401,1117,190,758,783,2176,479
0817,Drangedal,2003,376,379,1062,287,381,404,1107,188,757,783,2169,475
0817,Drangedal,2004,364,380,1064,287,387,386,1117,190,751,766,2181,477
0817,Drangedal,2005,375,357,1069,287,375,369,1128,183,750,726,2197,470
0817,Drangedal,2006,378,353,1079,291,374,363,1141,184,752,716,2220,475
0817,Drangedal,2007,361,338,1098,282,371,341,1156,189,732,679,2254,471
0817,Drangedal,2008,348,329,1106,274,376,338,1158,182,724,667,2264,456
0817,Drangedal,2009,352,334,1124,257,370,345,1172,184,722,679,2296,441
0817,Drangedal,2010,354,327,1131,263,366,350,1184,184,720,677,2315,447
0817,Drangedal,2011,355,330,1117,249,358,340,1195,180,713,670,2312,429
0817,Drangedal,2012,353,327,1131,239,361,338,1197,180,714,665,2328,419
0817,Drangedal,2013,361,328,1142,234,360,333,1207,174,721,661,2349,408
0817,Drangedal,2014,345,332,1134,240,355,355,1214,160,700,687,2348,400
0819,Nome,1999,568,605,1773,416,591,603,1817,258,1159,1208,3590,674
0819,Nome,2000,578,594,1789,409,603,587,1819,269,1181,1181,3608,678
0819,Nome,2001,584,574,1803,422,604,550,1852,263,1188,1124,3655,685
0819,Nome,2002,581,573,1792,434,617,537,1855,257,1198,1110,3647,691
0819,Nome,2003,592,531,1800,414,601,520,1862,259,1193,1051,3662,673
0819,Nome,2004,605,527,1785,436,597,528,1879,249,1202,1055,3664,685
0819,Nome,2005,588,523,1771,429,590,525,1893,246,1178,1048,3664,675
0819,Nome,2006,598,520,1772,426,586,528,1888,253,1184,1048,3660,679
0819,Nome,2007,583,530,1774,418,571,537,1911,252,1154,1067,3685,670
0819,Nome,2008,576,543,1793,410,563,528,1932,256,1139,1071,3725,666
0819,Nome,2009,549,548,1787,401,554,546,1934,238,1103,1094,3721,639
0819,Nome,2010,531,548,1795,400,560,547,1911,235,1091,1095,3706,635
0819,Nome,2011,525,548,1823,405,558,558,1914,230,1083,1106,3737,635
0819,Nome,2012,522,558,1823,397,550,579,1918,232,1072,1137,3741,629
0819,Nome,2013,529,537,1844,395,567,589,1938,226,1096,1126,3782,621
0819,Nome,2014,521,552,1861,389,562,582,1954,222,1083,1134,3815,611
0821,Bø (Telemark),1999,429,558,1302,269,463,539,1252,186,892,1097,2554,455
0821,Bø (Telemark),2000,426,545,1305,262,466,529,1254,177,892,1074,2559,439
0821,Bø (Telemark),2001,453,539,1344,260,473,545,1287,174,926,1084,2631,434
0821,Bø (Telemark),2002,460,573,1349,270,483,566,1287,175,943,1139,2636,445
0821,Bø (Telemark),2003,465,561,1377,285,485,568,1310,169,950,1129,2687,454
0821,Bø (Telemark),2004,464,544,1363,295,470,557,1314,166,934,1101,2677,461
0821,Bø (Telemark),2005,462,546,1396,288,469,565,1351,172,931,1111,2747,460
0821,Bø (Telemark),2006,462,532,1425,288,479,573,1380,168,941,1105,2805,456
0821,Bø (Telemark),2007,481,529,1425,296,481,578,1368,175,962,1107,2793,471
0821,Bø (Telemark),2008,489,552,1443,305,509,570,1399,169,998,1122,2842,474
0821,Bø (Telemark),2009,496,565,1475,307,516,572,1413,174,1012,1137,2888,481
0821,Bø (Telemark),2010,506,559,1488,309,514,619,1424,176,1020,1178,2912,485
0821,Bø (Telemark),2011,495,565,1501,304,522,648,1444,180,1017,1213,2945,484
0821,Bø (Telemark),2012,487,593,1538,289,533,673,1473,180,1020,1266,3011,469
0821,Bø (Telemark),2013,485,598,1536,295,524,691,1484,178,1009,1289,3020,473
0821,Bø (Telemark),2014,505,612,1534,287,535,689,1495,177,1040,1301,3029,464
0822,Sauherad,1999,397,409,1102,247,469,429,1143,173,866,838,2245,420
0822,Sauherad,2000,405,398,1114,249,479,417,1163,186,884,815,2277,435
0822,Sauherad,2001,410,400,1119,239,450,428,1165,181,860,828,2284,420
0822,Sauherad,2002,406,382,1135,230,439,426,1159,179,845,808,2294,409
0822,Sauherad,2003,407,396,1134,222,436,432,1159,177,843,828,2293,399
0822,Sauherad,2004,401,387,1133,210,441,432,1178,169,842,819,2311,379
0822,Sauherad,2005,392,396,1138,211,429,426,1175,156,821,822,2313,367
0822,Sauherad,2006,389,394,1144,211,409,422,1180,142,798,816,2324,353
0822,Sauherad,2007,377,378,1145,215,403,437,1173,149,780,815,2318,364
0822,Sauherad,2008,375,380,1148,213,391,433,1176,150,766,813,2324,363
0822,Sauherad,2009,369,381,1151,212,395,425,1189,152,764,806,2340,364
0822,Sauherad,2010,374,379,1134,221,387,422,1196,157,761,801,2330,378
0822,Sauherad,2011,376,383,1180,218,397,428,1214,162,773,811,2394,380
0822,Sauherad,2012,353,386,1176,219,384,413,1222,161,737,799,2398,380
0822,Sauherad,2013,360,395,1182,226,390,413,1238,165,750,808,2420,391
0822,Sauherad,2014,342,387,1177,223,361,422,1249,164,703,809,2426,387
0826,Tinn,1999,545,626,1716,484,575,614,1681,297,1120,1240,3397,781
0826,Tinn,2000,567,614,1702,505,584,610,1692,286,1151,1224,3394,791
0826,Tinn,2001,577,593,1714,496,582,593,1727,278,1159,1186,3441,774
0826,Tinn,2002,583,571,1693,495,580,567,1727,274,1163,1138,3420,769
0826,Tinn,2003,577,526,1696,479,557,553,1701,265,1134,1079,3397,744
0826,Tinn,2004,578,531,1705,486,575,553,1734,258,1153,1084,3439,744
0826,Tinn,2005,590,527,1703,478,550,532,1740,260,1140,1059,3443,738
0826,Tinn,2006,569,505,1694,475,520,508,1718,258,1089,1013,3412,733
0826,Tinn,2007,550,484,1679,465,496,493,1692,261,1046,977,3371,726
0826,Tinn,2008,538,479,1683,446,484,486,1704,246,1022,965,3387,692
0826,Tinn,2009,545,447,1703,436,472,470,1702,235,1017,917,3405,671
0826,Tinn,2010,543,459,1702,422,476,464,1713,243,1019,923,3415,665
0826,Tinn,2011,535,474,1702,417,470,476,1714,249,1005,950,3416,666
0826,Tinn,2012,509,471,1693,402,469,481,1716,241,978,952,3409,643
0826,Tinn,2013,513,467,1699,378,463,492,1731,230,976,959,3430,608
0826,Tinn,2014,497,464,1706,369,468,500,1725,228,965,964,3431,597
0827,Hjartdal,1999,167,136,413,113,145,152,477,88,312,288,890,201
0827,Hjartdal,2000,172,131,407,121,137,158,480,81,309,289,887,202
0827,Hjartdal,2001,179,141,403,116,140,139,475,84,319,280,878,200
0827,Hjartdal,2002,173,133,400,115,140,136,459,80,313,269,859,195
0827,Hjartdal,2003,166,137,398,112,132,132,464,75,298,269,862,187
0827,Hjartdal,2004,161,136,410,113,127,141,465,80,288,277,875,193
0827,Hjartdal,2005,159,133,421,114,126,137,458,85,285,270,879,199
0827,Hjartdal,2006,151,137,420,110,124,138,457,82,275,275,877,192
0827,Hjartdal,2007,156,136,424,105,123,135,459,81,279,271,883,186
0827,Hjartdal,2008,158,130,423,109,117,132,469,81,275,262,892,190
0827,Hjartdal,2009,151,130,422,108,117,130,475,80,268,260,897,188
0827,Hjartdal,2010,145,128,416,111,114,127,468,78,259,255,884,189
0827,Hjartdal,2011,140,133,414,111,123,135,465,76,263,268,879,187
0827,Hjartdal,2012,134,147,409,112,115,145,462,78,249,292,871,190
0827,Hjartdal,2013,135,144,414,109,117,147,465,78,252,291,879,187
0827,Hjartdal,2014,134,143,417,107,122,142,462,75,256,285,879,182
0828,Seljord,1999,240,283,782,171,274,323,785,117,514,606,1567,288
0828,Seljord,2000,227,279,783,171,258,314,777,119,485,593,1560,290
0828,Seljord,2001,236,265,803,167,250,320,780,114,486,585,1583,281
0828,Seljord,2002,228,267,803,175,252,301,787,122,480,568,1590,297
0828,Seljord,2003,220,268,797,175,244,305,798,114,464,573,1595,289
0828,Seljord,2004,224,271,790,171,233,300,793,117,457,571,1583,288
0828,Seljord,2005,232,250,808,166,243,292,807,121,475,542,1615,287
0828,Seljord,2006,229,242,803,175,246,276,824,117,475,518,1627,292
0828,Seljord,2007,249,239,811,176,241,267,833,117,490,506,1644,293
0828,Seljord,2008,245,252,805,177,236,263,834,118,481,515,1639,295
0828,Seljord,2009,248,241,823,184,223,257,830,119,471,498,1653,303
0828,Seljord,2010,255,240,835,187,233,263,835,118,488,503,1670,305
0828,Seljord,2011,253,225,836,189,242,260,832,118,495,485,1668,307
0828,Seljord,2012,260,212,843,179,246,258,840,121,506,470,1683,300
0828,Seljord,2013,249,216,844,175,246,252,839,124,495,468,1683,299
0828,Seljord,2014,265,225,848,179,240,266,843,123,505,491,1691,302
0829,Kviteseid,1999,218,235,707,171,247,252,701,125,465,487,1408,296
0829,Kviteseid,2000,227,238,704,170,248,257,698,125,475,495,1402,295
0829,Kviteseid,2001,227,234,711,170,247,258,702,121,474,492,1413,291
0829,Kviteseid,2002,231,220,725,167,251,260,690,128,482,480,1415,295
0829,Kviteseid,2003,226,217,714,161,252,254,698,125,478,471,1412,286
0829,Kviteseid,2004,221,208,707,168,243,261,698,116,464,469,1405,284
0829,Kviteseid,2005,226,194,703,172,223,268,699,113,449,462,1402,285
0829,Kviteseid,2006,220,194,701,174,211,259,712,104,431,453,1413,278
0829,Kviteseid,2007,208,192,695,174,210,247,715,101,418,439,1410,275
0829,Kviteseid,2008,207,183,706,176,208,250,732,101,415,433,1438,277
0829,Kviteseid,2009,207,177,709,170,200,239,743,101,407,416,1452,271
0829,Kviteseid,2010,200,181,688,178,197,239,736,103,397,420,1424,281
0829,Kviteseid,2011,196,183,680,177,196,238,727,104,392,421,1407,281
0829,Kviteseid,2012,203,188,683,165,194,237,719,109,397,425,1402,274
0829,Kviteseid,2013,193,192,696,160,187,238,731,110,380,430,1427,270
0829,Kviteseid,2014,187,186,687,157,180,233,733,105,367,419,1420,262
0830,Nissedal,1999,131,141,361,97,161,150,358,66,292,291,719,163
0830,Nissedal,2000,123,135,361,99,158,153,355,63,281,288,716,162
0830,Nissedal,2001,128,138,367,95,162,144,369,60,290,282,736,155
0830,Nissedal,2002,126,129,367,93,153,144,372,57,279,273,739,150
0830,Nissedal,2003,117,131,367,93,151,145,386,55,268,276,753,148
0830,Nissedal,2004,113,129,371,87,152,141,382,54,265,270,753,141
0830,Nissedal,2005,106,125,374,89,149,138,377,50,255,263,751,139
0830,Nissedal,2006,100,116,376,88,151,138,386,52,251,254,762,140
0830,Nissedal,2007,90,116,379,79,141,132,385,53,231,248,764,132
0830,Nissedal,2008,92,107,385,78,136,137,390,53,228,244,775,131
0830,Nissedal,2009,100,113,392,72,129,147,386,54,229,260,778,126
0830,Nissedal,2010,107,114,392,70,123,150,396,52,230,264,788,122
0830,Nissedal,2011,120,100,398,69,122,142,400,54,242,242,798,123
0830,Nissedal,2012,128,100,401,68,119,157,406,51,247,257,807,119
0830,Nissedal,2013,128,106,390,73,120,150,413,50,248,256,803,123
0830,Nissedal,2014,123,107,410,71,123,150,420,47,246,257,830,118
0831,Fyresdal,1999,123,122,339,89,129,137,347,51,252,259,686,140
0831,Fyresdal,2000,130,120,338,89,141,129,355,51,271,249,693,140
0831,Fyresdal,2001,124,114,346,91,139,122,363,49,263,236,709,140
0831,Fyresdal,2002,124,110,347,87,138,123,357,47,262,233,704,134
0831,Fyresdal,2003,121,99,339,89,130,123,359,50,251,222,698,139
0831,Fyresdal,2004,128,107,346,88,137,116,374,51,265,223,720,139
0831,Fyresdal,2005,131,106,349,91,135,112,377,52,266,218,726,143
0831,Fyresdal,2006,134,106,349,89,140,112,391,48,274,218,740,137
0831,Fyresdal,2007,132,91,361,82,138,120,389,50,270,211,750,132
0831,Fyresdal,2008,127,99,371,83,138,122,386,49,265,221,757,132
0831,Fyresdal,2009,125,104,370,80,136,124,393,47,261,228,763,127
0831,Fyresdal,2010,114,109,369,77,139,128,399,46,253,237,768,123
0831,Fyresdal,2011,114,110,365,70,125,133,385,49,239,243,750,119
0831,Fyresdal,2012,111,111,359,71,119,132,383,49,230,243,742,120
0831,Fyresdal,2013,116,117,362,71,126,133,379,46,242,250,741,117
0831,Fyresdal,2014,109,114,348,66,117,128,377,44,226,242,725,110
0833,Tokke,1999,229,208,641,170,252,233,679,127,481,441,1320,297
0833,Tokke,2000,223,195,624,177,255,241,666,125,478,436,1290,302
0833,Tokke,2001,212,200,614,185,261,233,661,121,473,433,1275,306
0833,Tokke,2002,210,196,630,187,270,229,657,118,480,425,1287,305
0833,Tokke,2003,199,187,624,188,249,234,661,112,448,421,1285,300
0833,Tokke,2004,207,192,618,197,245,230,666,110,452,422,1284,307
0833,Tokke,2005,201,191,626,188,239,234,670,114,440,425,1296,302
0833,Tokke,2006,195,194,621,181,221,233,664,108,416,427,1285,289
0833,Tokke,2007,201,191,622,170,221,240,661,108,422,431,1283,278
0833,Tokke,2008,203,173,618,157,211,230,665,109,414,403,1283,266
0833,Tokke,2009,208,170,626,152,209,215,678,105,417,385,1304,257
0833,Tokke,2010,195,179,620,155,195,215,672,106,390,394,1292,261
0833,Tokke,2011,202,173,615,159,193,210,661,103,395,383,1276,262
0833,Tokke,2012,193,182,606,147,189,215,651,104,382,397,1257,251
0833,Tokke,2013,192,179,605,144,190,212,661,101,382,391,1266,245
0833,Tokke,2014,189,183,602,137,182,221,641,102,371,404,1243,239
0834,Vinje,1999,393,349,968,226,393,414,1015,136,786,763,1983,362
0834,Vinje,2000,390,342,971,212,387,405,1024,138,777,747,1995,350
0834,Vinje,2001,385,332,971,213,371,404,1013,143,756,736,1984,356
0834,Vinje,2002,396,308,978,208,392,383,1045,140,788,691,2023,348
0834,Vinje,2003,386,316,986,208,382,361,1035,138,768,677,2021,346
0834,Vinje,2004,365,313,979,208,376,363,1014,138,741,676,1993,346
0834,Vinje,2005,366,320,984,203,372,365,1013,135,738,685,1997,338
0834,Vinje,2006,344,328,986,185,355,354,1004,138,699,682,1990,323
0834,Vinje,2007,328,334,982,184,350,360,1014,132,678,694,1996,316
0834,Vinje,2008,321,329,985,176,333,355,1006,130,654,684,1991,306
0834,Vinje,2009,319,345,985,177,320,361,1024,131,639,706,2009,308
0834,Vinje,2010,318,333,988,176,305,360,1034,127,623,693,2022,303
0834,Vinje,2011,310,336,1002,179,298,369,1029,138,608,705,2031,317
0834,Vinje,2012,310,343,1014,174,306,362,1054,137,616,705,2068,311
0834,Vinje,2013,301,348,1024,175,311,360,1067,135,612,708,2091,310
0834,Vinje,2014,293,356,1030,179,307,358,1064,136,600,714,2094,315
0901,Risør,1999,657,629,1804,417,630,739,1802,298,1287,1368,3606,715
0901,Risør,2000,659,625,1825,417,633,729,1820,292,1292,1354,3645,709
0901,Risør,2001,665,612,1852,416,672,696,1828,300,1337,1308,3680,716
0901,Risør,2002,647,601,1859,423,673,671,1862,291,1320,1272,3721,714
0901,Risør,2003,629,604,1865,427,667,647,1858,291,1296,1251,3723,718
0901,Risør,2004,621,611,1850,426,648,620,1880,282,1269,1231,3730,708
0901,Risør,2005,612,582,1877,425,624,608,1908,273,1236,1190,3785,698
0901,Risør,2006,608,564,1876,423,604,619,1894,275,1212,1183,3770,698
0901,Risør,2007,593,565,1892,416,588,619,1919,281,1181,1184,3811,697
0901,Risør,2008,580,575,1911,417,581,625,1939,260,1161,1200,3850,677
0901,Risør,2009,567,563,1916,414,585,643,1944,257,1152,1206,3860,671
0901,Risør,2010,573,575,1930,390,586,633,1954,253,1159,1208,3884,643
0901,Risør,2011,550,585,1931,383,576,636,1959,251,1126,1221,3890,634
0901,Risør,2012,564,582,1955,372,571,635,1976,244,1135,1217,3931,616
0901,Risør,2013,562,579,1957,357,551,637,1986,219,1113,1216,3943,576
0901,Risør,2014,544,616,1958,356,555,632,2023,215,1099,1248,3981,571
0904,Grimstad,1999,1877,1850,4346,736,1957,1968,4447,427,3834,3818,8793,1163
0904,Grimstad,2000,1931,1827,4432,738,1992,1926,4552,423,3923,3753,8984,1161
0904,Grimstad,2001,1951,1821,4534,729,2046,1930,4628,413,3997,3751,9162,1142
0904,Grimstad,2002,1988,1827,4639,752,2022,1940,4723,416,4010,3767,9362,1168
0904,Grimstad,2003,1999,1846,4737,767,2070,1900,4804,426,4069,3746,9541,1193
0904,Grimstad,2004,2011,1831,4875,745,2081,1868,4907,422,4092,3699,9782,1167
0904,Grimstad,2005,2014,1818,4975,742,2082,1839,4992,423,4096,3657,9967,1165
0904,Grimstad,2006,2052,1853,5099,744,2114,1850,5085,427,4166,3703,10184,1171
0904,Grimstad,2007,2077,1881,5202,739,2121,1891,5194,431,4198,3772,10396,1170
0904,Grimstad,2008,2099,1881,5272,747,2115,1949,5313,433,4214,3830,10585,1180
0904,Grimstad,2009,2069,1947,5351,745,2145,2003,5405,446,4214,3950,10756,1191
0904,Grimstad,2010,2102,1960,5446,754,2175,2133,5455,472,4277,4093,10901,1226
0904,Grimstad,2011,2086,2023,5533,743,2171,2231,5548,488,4257,4254,11081,1231
0904,Grimstad,2012,2119,2064,5646,762,2204,2322,5672,512,4323,4386,11318,1274
0904,Grimstad,2013,2139,2114,5705,767,2174,2406,5758,531,4313,4520,11463,1298
0904,Grimstad,2014,2112,2164,5761,783,2142,2462,5797,562,4254,4626,11558,1345
0906,Arendal,1999,3671,3921,10349,1989,3931,4165,10129,1092,7602,8086,20478,3081
0906,Arendal,2000,3727,3887,10439,1972,3948,4133,10244,1096,7675,8020,20683,3068
0906,Arendal,2001,3751,3841,10482,1983,3972,4060,10386,1072,7723,7901,20868,3055
0906,Arendal,2002,3708,3789,10568,1969,3971,4006,10457,1086,7679,7795,21025,3055
0906,Arendal,2003,3661,3681,10679,1964,3937,3912,10588,1080,7598,7593,21267,3044
0906,Arendal,2004,3675,3606,10767,1973,3878,3841,10668,1087,7553,7447,21435,3060
0906,Arendal,2005,3660,3588,10866,1946,3856,3844,10808,1108,7516,7432,21674,3054
0906,Arendal,2006,3642,3580,10993,1908,3841,3848,10883,1131,7483,7428,21876,3039
0906,Arendal,2007,3648,3589,11079,1895,3852,3805,11075,1114,7500,7394,22154,3009
0906,Arendal,2008,3679,3690,11260,1889,3876,3906,11290,1111,7555,7596,22550,3000
0906,Arendal,2009,3711,3735,11439,1878,3904,3947,11475,1152,7615,7682,22914,3030
0906,Arendal,2010,3757,3756,11555,1875,3926,3973,11640,1173,7683,7729,23195,3048
0906,Arendal,2011,3789,3831,11728,1872,3937,4096,11798,1178,7726,7927,23526,3050
0906,Arendal,2012,3838,3885,11915,1845,3965,4183,11966,1204,7803,8068,23881,3049
0906,Arendal,2013,3871,3959,12102,1823,3989,4189,12180,1223,7860,8148,24282,3046
0906,Arendal,2014,3884,4022,12266,1817,4052,4219,12361,1220,7936,8241,24627,3037
0911,Gjerstad,1999,232,272,603,150,226,295,650,104,458,567,1253,254
0911,Gjerstad,2000,234,250,605,148,231,289,650,102,465,539,1255,250
0911,Gjerstad,2001,236,239,611,140,236,282,649,100,472,521,1260,240
0911,Gjerstad,2002,232,232,619,141,237,273,655,97,469,505,1274,238
0911,Gjerstad,2003,237,217,639,142,245,272,665,94,482,489,1304,236
0911,Gjerstad,2004,247,213,654,143,249,258,684,93,496,471,1338,236
0911,Gjerstad,2005,236,210,648,138,249,249,678,92,485,459,1326,230
0911,Gjerstad,2006,228,216,656,134,250,234,695,93,478,450,1351,227
0911,Gjerstad,2007,218,220,661,134,241,246,697,96,459,466,1358,230
0911,Gjerstad,2008,230,215,666,130,244,230,712,92,474,445,1378,222
0911,Gjerstad,2009,219,214,668,127,239,217,726,86,458,431,1394,213
0911,Gjerstad,2010,212,213,674,120,240,215,721,83,452,428,1395,203
0911,Gjerstad,2011,208,215,677,115,232,228,734,88,440,443,1411,203
0911,Gjerstad,2012,192,219,689,110,229,214,741,84,421,433,1430,194
0911,Gjerstad,2013,186,228,691,107,227,219,740,86,413,447,1431,193
0911,Gjerstad,2014,190,221,703,109,222,210,743,91,412,431,1446,200
0912,Vegårshei,1999,201,153,454,106,193,174,462,85,394,327,916,191
0912,Vegårshei,2000,207,149,455,109,195,170,470,83,402,319,925,192
0912,Vegårshei,2001,203,152,450,114,187,179,470,83,390,331,920,197
0912,Vegårshei,2002,203,142,448,122,186,174,476,80,389,316,924,202
0912,Vegårshei,2003,200,156,447,124,182,168,486,77,382,324,933,201
0912,Vegårshei,2004,186,174,455,122,185,179,478,77,371,353,933,199
0912,Vegårshei,2005,188,180,456,119,187,172,477,75,375,352,933,194
0912,Vegårshei,2006,181,177,462,116,187,162,488,76,368,339,950,192
0912,Vegårshei,2007,183,179,468,110,195,158,493,78,378,337,961,188
0912,Vegårshei,2008,190,172,477,106,201,166,499,73,391,338,976,179
0912,Vegårshei,2009,188,160,484,105,200,170,500,74,388,330,984,179
0912,Vegårshei,2010,192,173,476,102,191,175,509,68,383,348,985,170
0912,Vegårshei,2011,205,165,494,102,201,177,504,74,406,342,998,176
0912,Vegårshei,2012,206,156,503,103,197,173,527,68,403,329,1030,171
0912,Vegårshei,2013,205,172,510,107,203,177,540,72,408,349,1050,179
0912,Vegårshei,2014,207,176,512,105,199,183,549,69,406,359,1061,174
0914,Tvedestrand,1999,608,550,1526,345,547,590,1558,190,1155,1140,3084,535
0914,Tvedestrand,2000,611,548,1550,351,565,580,1584,178,1176,1128,3134,529
0914,Tvedestrand,2001,600,546,1535,352,551,600,1578,173,1151,1146,3113,525
0914,Tvedestrand,2002,607,574,1555,346,545,566,1586,178,1152,1140,3141,524
0914,Tvedestrand,2003,607,560,1559,339,534,556,1579,184,1141,1116,3138,523
0914,Tvedestrand,2004,571,566,1576,336,519,537,1599,183,1090,1103,3175,519
0914,Tvedestrand,2005,573,549,1590,334,507,534,1609,193,1080,1083,3199,527
0914,Tvedestrand,2006,552,549,1588,334,497,509,1616,193,1049,1058,3204,527
0914,Tvedestrand,2007,536,544,1583,337,479,518,1626,199,1015,1062,3209,536
0914,Tvedestrand,2008,525,554,1607,334,493,499,1664,198,1018,1053,3271,532
0914,Tvedestrand,2009,529,546,1642,328,480,530,1683,201,1009,1076,3325,529
0914,Tvedestrand,2010,514,532,1656,320,506,510,1697,204,1020,1042,3353,524
0914,Tvedestrand,2011,525,547,1659,319,523,501,1687,208,1048,1048,3346,527
0914,Tvedestrand,2012,502,566,1676,315,534,513,1705,208,1036,1079,3381,523
0914,Tvedestrand,2013,504,571,1680,325,530,492,1760,202,1034,1063,3440,527
0914,Tvedestrand,2014,503,542,1692,322,535,492,1775,198,1038,1034,3467,520
0919,Froland,1999,500,454,1072,194,548,481,1131,124,1048,935,2203,318
0919,Froland,2000,491,450,1079,192,537,483,1148,117,1028,933,2227,309
0919,Froland,2001,488,437,1109,197,532,483,1179,121,1020,920,2288,318
0919,Froland,2002,511,433,1145,198,534,479,1215,115,1045,912,2360,313
0919,Froland,2003,529,440,1171,191,537,484,1249,107,1066,924,2420,298
0919,Froland,2004,517,450,1163,189,533,491,1252,103,1050,941,2415,292
0919,Froland,2005,517,418,1183,177,527,492,1258,100,1044,910,2441,277
0919,Froland,2006,521,441,1198,184,535,505,1279,101,1056,946,2477,285
0919,Froland,2007,489,447,1215,179,545,488,1290,106,1034,935,2505,285
0919,Froland,2008,490,454,1259,166,552,498,1326,108,1042,952,2585,274
0919,Froland,2009,496,455,1271,168,542,516,1338,110,1038,971,2609,278
0919,Froland,2010,512,481,1277,172,553,519,1379,109,1065,1000,2656,281
0919,Froland,2011,529,481,1308,176,569,529,1423,112,1098,1010,2731,288
0919,Froland,2012,545,507,1348,173,583,532,1453,116,1128,1039,2801,289
0919,Froland,2013,554,510,1391,178,610,563,1499,120,1164,1073,2890,298
0919,Froland,2014,561,502,1423,179,623,560,1510,128,1184,1062,2933,307
0926,Lillesand,1999,835,893,2224,397,958,974,2281,201,1793,1867,4505,598
0926,Lillesand,2000,826,886,2262,397,962,956,2317,210,1788,1842,4579,607
0926,Lillesand,2001,835,877,2308,380,972,949,2345,222,1807,1826,4653,602
0926,Lillesand,2002,817,862,2348,377,972,965,2361,228,1789,1827,4709,605
0926,Lillesand,2003,830,866,2388,387,986,920,2369,236,1816,1786,4757,623
0926,Lillesand,2004,812,859,2412,381,964,908,2374,242,1776,1767,4786,623
0926,Lillesand,2005,837,842,2442,367,969,908,2432,246,1806,1750,4874,613
0926,Lillesand,2006,830,829,2476,369,946,880,2445,255,1776,1709,4921,624
0926,Lillesand,2007,853,815,2506,371,943,882,2483,256,1796,1697,4989,627
0926,Lillesand,2008,862,805,2564,366,963,882,2545,251,1825,1687,5109,617
0926,Lillesand,2009,873,816,2585,371,968,864,2605,247,1841,1680,5190,618
0926,Lillesand,2010,876,826,2634,359,983,884,2658,245,1859,1710,5292,604
0926,Lillesand,2011,919,865,2677,368,1018,899,2719,248,1937,1764,5396,616
0926,Lillesand,2012,945,863,2753,353,1027,906,2784,247,1972,1769,5537,600
0926,Lillesand,2013,965,866,2792,363,1049,892,2837,268,2014,1758,5629,631
0926,Lillesand,2014,978,865,2807,377,1047,919,2833,280,2025,1784,5640,657
0928,Birkenes,1999,461,403,1001,194,482,484,1032,134,943,887,2033,328
0928,Birkenes,2000,483,419,1025,185,505,482,1058,133,988,901,2083,318
0928,Birkenes,2001,478,402,1041,187,518,498,1088,134,996,900,2129,321
0928,Birkenes,2002,469,395,1053,186,514,472,1094,132,983,867,2147,318
0928,Birkenes,2003,470,406,1062,191,511,469,1108,126,981,875,2170,317
0928,Birkenes,2004,465,407,1075,182,518,464,1105,123,983,871,2180,305
0928,Birkenes,2005,462,411,1085,187,503,455,1115,122,965,866,2200,309
0928,Birkenes,2006,454,426,1092,177,525,456,1138,119,979,882,2230,296
0928,Birkenes,2007,458,422,1114,165,516,468,1152,116,974,890,2266,281
0928,Birkenes,2008,484,423,1121,163,518,486,1199,109,1002,909,2320,272
0928,Birkenes,2009,486,441,1156,165,524,494,1234,108,1010,935,2390,273
0928,Birkenes,2010,491,457,1180,168,523,494,1274,102,1014,951,2454,270
0928,Birkenes,2011,493,494,1183,165,545,510,1283,103,1038,1004,2466,268
0928,Birkenes,2012,502,482,1221,159,570,490,1300,104,1072,972,2521,263
0928,Birkenes,2013,509,475,1267,159,575,496,1339,116,1084,971,2606,275
0928,Birkenes,2014,519,483,1290,158,572,510,1353,108,1091,993,2643,266
0929,Åmli,1999,165,170,435,133,188,188,510,77,353,358,945,210
0929,Åmli,2000,162,165,440,128,184,190,516,77,346,355,956,205
0929,Åmli,2001,159,167,444,125,184,183,521,71,343,350,965,196
0929,Åmli,2002,172,150,470,112,180,189,509,71,352,339,979,183
0929,Åmli,2003,162,147,461,111,180,189,515,65,342,336,976,176
0929,Åmli,2004,154,153,461,114,177,216,520,64,331,369,981,178
0929,Åmli,2005,150,153,446,112,177,191,507,65,327,344,953,177
0929,Åmli,2006,146,151,452,109,166,176,521,64,312,327,973,173
0929,Åmli,2007,148,154,470,102,168,169,538,66,316,323,1008,168
0929,Åmli,2008,158,156,479,96,174,162,544,67,332,318,1023,163
0929,Åmli,2009,157,152,494,93,183,155,554,67,340,307,1048,160
0929,Åmli,2010,162,148,495,94,184,165,545,68,346,313,1040,162
0929,Åmli,2011,155,144,492,94,176,157,547,64,331,301,1039,158
0929,Åmli,2012,153,150,481,94,163,175,545,64,316,325,1026,158
0929,Åmli,2013,155,145,485,92,156,175,550,57,311,320,1035,149
0929,Åmli,2014,157,141,488,93,149,168,556,58,306,309,1044,151
0935,Iveland,1999,133,111,255,36,133,117,284,30,266,228,539,66
0935,Iveland,2000,143,110,261,40,134,124,287,29,277,234,548,69
0935,Iveland,2001,138,110,266,44,127,134,284,31,265,244,550,75
0935,Iveland,2002,124,115,265,40,126,136,275,32,250,251,540,72
0935,Iveland,2003,126,117,268,45,123,134,287,31,249,251,555,76
0935,Iveland,2004,133,112,273,46,127,134,290,36,260,246,563,82
0935,Iveland,2005,126,112,284,45,123,130,299,35,249,242,583,80
0935,Iveland,2006,114,112,296,46,134,127,311,30,248,239,607,76
0935,Iveland,2007,109,116,305,45,138,128,315,35,247,244,620,80
0935,Iveland,2008,114,122,309,45,136,132,323,30,250,254,632,75
0935,Iveland,2009,114,133,303,49,129,140,328,28,243,273,631,77
0935,Iveland,2010,120,140,308,48,133,140,341,24,253,280,649,72
0935,Iveland,2011,121,152,317,50,139,142,357,27,260,294,674,77
0935,Iveland,2012,124,149,314,51,143,133,360,24,267,282,674,75
0935,Iveland,2013,115,151,312,50,137,137,354,27,252,288,666,77
0935,Iveland,2014,123,153,326,47,137,137,366,25,260,290,692,72
0937,Evje og Hornnes,1999,313,349,846,174,327,375,854,122,640,724,1700,296
0937,Evje og Hornnes,2000,310,349,843,179,321,370,853,121,631,719,1696,300
0937,Evje og Hornnes,2001,302,337,856,183,331,378,860,112,633,715,1716,295
0937,Evje og Hornnes,2002,301,333,868,175,336,359,858,107,637,692,1726,282
0937,Evje og Hornnes,2003,303,322,872,174,335,342,872,107,638,664,1744,281
0937,Evje og Hornnes,2004,304,321,863,177,335,341,877,104,639,662,1740,281
0937,Evje og Hornnes,2005,300,309,866,178,328,333,890,101,628,642,1756,279
0937,Evje og Hornnes,2006,311,323,865,176,336,326,883,104,647,649,1748,280
0937,Evje og Hornnes,2007,313,303,872,175,335,316,896,105,648,619,1768,280
0937,Evje og Hornnes,2008,317,301,878,169,336,318,906,102,653,619,1784,271
0937,Evje og Hornnes,2009,335,305,896,173,348,317,925,109,683,622,1821,282
0937,Evje og Hornnes,2010,323,303,899,175,339,307,943,108,662,610,1842,283
0937,Evje og Hornnes,2011,332,316,918,172,357,328,943,109,689,644,1861,281
0937,Evje og Hornnes,2012,318,323,931,176,357,324,960,107,675,647,1891,283
0937,Evje og Hornnes,2013,320,332,939,180,374,329,977,105,694,661,1916,285
0937,Evje og Hornnes,2014,320,314,940,176,366,333,994,106,686,647,1934,282
0938,Bygland,1999,113,113,328,98,117,146,345,54,230,259,673,152
0938,Bygland,2000,125,118,335,97,129,142,355,50,254,260,690,147
0938,Bygland,2001,117,117,335,98,132,136,360,46,249,253,695,144
0938,Bygland,2002,114,115,335,90,129,135,348,48,243,250,683,138
0938,Bygland,2003,109,113,327,80,126,135,356,50,235,248,683,130
0938,Bygland,2004,121,105,336,77,128,145,358,48,249,250,694,125
0938,Bygland,2005,126,104,350,70,135,135,359,48,261,239,709,118
0938,Bygland,2006,122,101,348,67,124,127,365,42,246,228,713,109
0938,Bygland,2007,117,94,346,66,110,130,370,39,227,224,716,105
0938,Bygland,2008,113,82,352,63,105,117,367,43,218,199,719,106
0938,Bygland,2009,109,79,346,64,107,109,367,44,216,188,713,108
0938,Bygland,2010,105,79,351,66,106,109,362,45,211,188,713,111
0938,Bygland,2011,99,86,357,67,106,100,381,43,205,186,738,110
0938,Bygland,2012,98,86,349,62,105,92,386,41,203,178,735,103
0938,Bygland,2013,98,91,346,58,100,94,379,41,198,185,725,99
0938,Bygland,2014,95,98,339,57,89,101,379,42,184,199,718,99
0940,Valle,1999,113,147,341,103,139,144,381,53,252,291,722,156
0940,Valle,2000,119,143,336,104,158,140,383,56,277,283,719,160
0940,Valle,2001,132,143,338,105,159,134,386,59,291,277,724,164
0940,Valle,2002,124,136,339,104,150,142,384,60,274,278,723,164
0940,Valle,2003,130,127,337,100,146,139,382,61,276,266,719,161
0940,Valle,2004,125,114,337,94,147,145,386,55,272,259,723,149
0940,Valle,2005,127,104,341,90,146,140,382,54,273,244,723,144
0940,Valle,2006,123,101,335,90,134,130,380,55,257,231,715,145
0940,Valle,2007,117,103,334,89,130,119,375,53,247,222,709,142
0940,Valle,2008,119,105,327,89,132,116,383,55,251,221,710,144
0940,Valle,2009,113,102,330,85,117,115,375,55,230,217,705,140
0940,Valle,2010,110,106,337,80,115,117,378,46,225,223,715,126
0940,Valle,2011,107,103,345,75,121,118,376,39,228,221,721,114
0940,Valle,2012,103,104,345,74,116,131,379,41,219,235,724,115
0940,Valle,2013,93,105,347,70,110,131,376,45,203,236,723,115
0940,Valle,2014,92,112,350,64,112,120,371,49,204,232,721,113
0941,Bykle,1999,100,97,207,40,90,96,211,23,190,193,418,63
0941,Bykle,2000,97,96,209,38,95,95,216,22,192,191,425,60
0941,Bykle,2001,97,113,209,37,92,93,222,21,189,206,431,58
0941,Bykle,2002,87,101,205,33,90,91,228,17,177,192,433,50
0941,Bykle,2003,87,90,211,36,90,88,228,18,177,178,439,54
0941,Bykle,2004,88,95,222,31,98,89,233,19,186,184,455,50
0941,Bykle,2005,81,93,221,30,88,88,240,16,169,181,461,46
0941,Bykle,2006,78,93,227,30,88,93,248,17,166,186,475,47
0941,Bykle,2007,82,89,239,26,95,88,264,19,177,177,503,45
0941,Bykle,2008,76,95,244,29,94,99,263,19,170,194,507,48
0941,Bykle,2009,81,102,261,26,102,98,276,19,183,200,537,45
0941,Bykle,2010,89,101,261,24,102,97,278,18,191,198,539,42
0941,Bykle,2011,86,105,267,23,96,109,286,17,182,214,553,40
0941,Bykle,2012,84,100,258,25,96,105,284,18,180,205,542,43
0941,Bykle,2013,79,93,250,22,92,98,277,18,171,191,527,40
0941,Bykle,2014,71,103,255,24,92,98,286,19,163,201,541,43
1001,Kristiansand,1999,7300,7276,18755,3252,7662,7512,17968,1773,14962,14788,36723,5025
1001,Kristiansand,2000,7398,7352,19001,3276,7758,7564,18252,1794,15156,14916,37253,5070
1001,Kristiansand,2001,7493,7321,19181,3311,7853,7564,18544,1820,15346,14885,37725,5131
1001,Kristiansand,2002,7622,7306,19441,3389,7936,7526,18887,1870,15558,14832,38328,5259
1001,Kristiansand,2003,7647,7261,19750,3397,7923,7632,19100,1880,15570,14893,38850,5277
1001,Kristiansand,2004,7636,7354,19938,3413,7910,7710,19382,1937,15546,15064,39320,5350
1001,Kristiansand,2005,7612,7482,20185,3372,7905,7857,19675,1978,15517,15339,39860,5350
1001,Kristiansand,2006,7598,7623,20390,3402,7921,8036,19958,1989,15519,15659,40348,5391
1001,Kristiansand,2007,7627,7765,20710,3407,7974,8102,20200,2055,15601,15867,40910,5462
1001,Kristiansand,2008,7658,7986,20908,3440,7895,8406,20542,2084,15553,16392,41450,5524
1001,Kristiansand,2009,7712,8085,21163,3446,7963,8669,20960,2111,15675,16754,42123,5557
1001,Kristiansand,2010,7751,8259,21467,3467,8081,8846,21265,2159,15832,17105,42732,5626
1001,Kristiansand,2011,7786,8463,21778,3461,8058,9038,21663,2147,15844,17501,43441,5608
1001,Kristiansand,2012,7719,8749,21981,3427,8049,9189,21967,2162,15768,17938,43948,5589
1001,Kristiansand,2013,7728,8886,22358,3381,8180,9318,22436,2189,15908,18204,44794,5570
1001,Kristiansand,2014,7916,9031,22746,3382,8358,9509,22853,2188,16274,18540,45599,5570
1002,Mandal,1999,1350,1349,3370,701,1379,1399,3320,418,2729,2748,6690,1119
1002,Mandal,2000,1388,1308,3373,707,1377,1390,3353,420,2765,2698,6726,1127
1002,Mandal,2001,1390,1272,3385,725,1381,1359,3398,419,2771,2631,6783,1144
1002,Mandal,2002,1386,1253,3429,713,1407,1368,3438,423,2793,2621,6867,1136
1002,Mandal,2003,1401,1272,3498,719,1456,1394,3509,413,2857,2666,7007,1132
1002,Mandal,2004,1389,1332,3544,727,1476,1392,3568,412,2865,2724,7112,1139
1002,Mandal,2005,1368,1355,3606,732,1497,1392,3642,418,2865,2747,7248,1150
1002,Mandal,2006,1344,1367,3634,731,1493,1400,3679,421,2837,2767,7313,1152
1002,Mandal,2007,1334,1401,3689,724,1503,1389,3747,413,2837,2790,7436,1137
1002,Mandal,2008,1400,1403,3746,722,1506,1423,3779,421,2906,2826,7525,1143
1002,Mandal,2009,1403,1417,3813,717,1521,1383,3855,434,2924,2800,7668,1151
1002,Mandal,2010,1396,1436,3872,703,1545,1424,3901,419,2941,2860,7773,1122
1002,Mandal,2011,1446,1427,3986,680,1570,1415,4017,419,3016,2842,8003,1099
1002,Mandal,2012,1467,1453,4049,676,1575,1435,4073,421,3042,2888,8122,1097
1002,Mandal,2013,1460,1440,4130,675,1537,1451,4111,433,2997,2891,8241,1108
1002,Mandal,2014,1451,1444,4155,686,1547,1461,4175,430,2998,2905,8330,1116
1003,Farsund,1999,946,971,2304,513,965,1055,2396,301,1911,2026,4700,814
1003,Farsund,2000,986,982,2335,523,984,1069,2461,290,1970,2051,4796,813
1003,Farsund,2001,1009,938,2338,516,991,1038,2509,286,2000,1976,4847,802
1003,Farsund,2002,991,874,2362,494,979,995,2512,290,1970,1869,4874,784
1003,Farsund,2003,1005,877,2385,497,1010,952,2564,288,2015,1829,4949,785
1003,Farsund,2004,978,884,2364,511,994,926,2559,281,1972,1810,4923,792
1003,Farsund,2005,979,848,2391,511,976,923,2573,278,1955,1771,4964,789
1003,Farsund,2006,962,839,2426,483,975,909,2588,264,1937,1748,5014,747
1003,Farsund,2007,948,805,2452,484,948,882,2585,282,1896,1687,5037,766
1003,Farsund,2008,950,801,2466,470,944,870,2591,300,1894,1671,5057,770
1003,Farsund,2009,958,822,2477,466,953,851,2602,298,1911,1673,5079,764
1003,Farsund,2010,953,800,2516,452,932,841,2621,295,1885,1641,5137,747
1003,Farsund,2011,931,796,2531,451,928,843,2624,311,1859,1639,5155,762
1003,Farsund,2012,913,812,2553,448,916,835,2635,321,1829,1647,5188,769
1003,Farsund,2013,888,826,2539,435,915,871,2643,324,1803,1697,5182,759
1003,Farsund,2014,867,856,2562,434,897,911,2660,329,1764,1767,5222,763
1004,Flekkefjord,1999,791,804,2212,570,934,918,2267,330,1725,1722,4479,900
1004,Flekkefjord,2000,789,816,2235,564,941,898,2289,319,1730,1714,4524,883
1004,Flekkefjord,2001,790,805,2241,580,935,885,2307,323,1725,1690,4548,903
1004,Flekkefjord,2002,803,764,2251,585,915,887,2315,319,1718,1651,4566,904
1004,Flekkefjord,2003,789,780,2276,565,922,888,2339,312,1711,1668,4615,877
1004,Flekkefjord,2004,809,770,2287,569,920,879,2379,305,1729,1649,4666,874
1004,Flekkefjord,2005,813,741,2302,555,909,862,2386,310,1722,1603,4688,865
1004,Flekkefjord,2006,803,743,2306,546,876,868,2407,303,1679,1611,4713,849
1004,Flekkefjord,2007,798,728,2306,547,867,891,2416,307,1665,1619,4722,854
1004,Flekkefjord,2008,796,739,2328,544,875,894,2424,310,1671,1633,4752,854
1004,Flekkefjord,2009,813,760,2335,536,867,912,2427,325,1680,1672,4762,861
1004,Flekkefjord,2010,807,762,2351,530,859,924,2444,326,1666,1686,4795,856
1004,Flekkefjord,2011,803,761,2363,514,874,905,2457,336,1677,1666,4820,850
1004,Flekkefjord,2012,776,756,2379,503,852,920,2518,342,1628,1676,4897,845
1004,Flekkefjord,2013,785,769,2392,499,856,935,2485,339,1641,1704,4877,838
1004,Flekkefjord,2014,796,744,2396,476,843,912,2501,345,1639,1656,4897,821
1014,Vennesla,1999,1420,1212,2939,451,1401,1299,2996,275,2821,2511,5935,726
1014,Vennesla,2000,1441,1214,2977,459,1424,1277,3058,291,2865,2491,6035,750
1014,Vennesla,2001,1457,1205,3026,465,1416,1267,3088,296,2873,2472,6114,761
1014,Vennesla,2002,1451,1188,3082,478,1416,1237,3114,289,2867,2425,6196,767
1014,Vennesla,2003,1435,1196,3111,496,1422,1205,3165,316,2857,2401,6276,812
1014,Vennesla,2004,1387,1201,3124,517,1387,1212,3200,328,2774,2413,6324,845
1014,Vennesla,2005,1341,1221,3176,522,1386,1230,3227,324,2727,2451,6403,846
1014,Vennesla,2006,1363,1229,3216,528,1365,1270,3227,315,2728,2499,6443,843
1014,Vennesla,2007,1333,1255,3229,551,1334,1279,3240,334,2667,2534,6469,885
1014,Vennesla,2008,1346,1267,3259,567,1341,1329,3317,350,2687,2596,6576,917
1014,Vennesla,2009,1347,1288,3291,557,1328,1366,3353,356,2675,2654,6644,913
1014,Vennesla,2010,1362,1332,3325,562,1354,1402,3426,353,2716,2734,6751,915
1014,Vennesla,2011,1361,1380,3376,563,1380,1429,3517,328,2741,2809,6893,891
1014,Vennesla,2012,1373,1416,3444,552,1424,1455,3592,327,2797,2871,7036,879
1014,Vennesla,2013,1358,1414,3512,544,1453,1468,3684,323,2811,2882,7196,867
1014,Vennesla,2014,1375,1447,3590,532,1436,1514,3743,349,2811,2961,7333,881
1017,Songdalen,1999,627,516,1306,174,709,587,1317,106,1336,1103,2623,280
1017,Songdalen,2000,643,514,1343,170,709,596,1367,113,1352,1110,2710,283
1017,Songdalen,2001,645,516,1362,175,703,598,1407,122,1348,1114,2769,297
1017,Songdalen,2002,646,507,1351,171,699,582,1426,120,1345,1089,2777,291
1017,Songdalen,2003,661,498,1373,171,664,588,1446,116,1325,1086,2819,287
1017,Songdalen,2004,631,492,1386,172,657,590,1442,113,1288,1082,2828,285
1017,Songdalen,2005,633,514,1395,172,661,614,1462,105,1294,1128,2857,277
1017,Songdalen,2006,613,539,1424,172,661,617,1498,97,1274,1156,2922,269
1017,Songdalen,2007,619,541,1434,184,659,617,1509,101,1278,1158,2943,285
1017,Songdalen,2008,629,537,1463,188,628,638,1530,115,1257,1175,2993,303
1017,Songdalen,2009,614,570,1491,189,618,650,1552,120,1232,1220,3043,309
1017,Songdalen,2010,635,612,1505,196,650,643,1584,115,1285,1255,3089,311
1017,Songdalen,2011,636,605,1514,197,652,660,1613,122,1288,1265,3127,319
1017,Songdalen,2012,651,636,1573,190,655,680,1651,129,1306,1316,3224,319
1017,Songdalen,2013,661,647,1615,197,652,693,1690,130,1313,1340,3305,327
1017,Songdalen,2014,676,604,1646,192,659,680,1704,142,1335,1284,3350,334
1018,Søgne,1999,961,952,2147,276,1054,968,2171,180,2015,1920,4318,456
1018,Søgne,2000,1005,959,2206,279,1094,945,2262,179,2099,1904,4468,458
1018,Søgne,2001,1040,914,2276,282,1126,953,2324,181,2166,1867,4600,463
1018,Søgne,2002,1061,903,2333,283,1132,944,2383,190,2193,1847,4716,473
1018,Søgne,2003,1045,902,2380,280,1160,949,2444,207,2205,1851,4824,487
1018,Søgne,2004,1051,894,2419,287,1139,956,2473,207,2190,1850,4892,494
1018,Søgne,2005,1073,862,2486,292,1160,934,2530,210,2233,1796,5016,502
1018,Søgne,2006,1053,902,2518,300,1141,924,2552,219,2194,1826,5070,519
1018,Søgne,2007,1073,911,2551,302,1143,936,2606,221,2216,1847,5157,523
1018,Søgne,2008,1113,963,2617,306,1145,997,2691,218,2258,1960,5308,524
1018,Søgne,2009,1164,1009,2714,315,1171,1062,2758,224,2335,2071,5472,539
1018,Søgne,2010,1152,1025,2742,334,1162,1069,2804,221,2314,2094,5546,555
1018,Søgne,2011,1182,1051,2790,342,1176,1058,2873,237,2358,2109,5663,579
1018,Søgne,2012,1154,1057,2873,357,1156,1086,2930,242,2310,2143,5803,599
1018,Søgne,2013,1149,1036,2917,356,1154,1119,2983,246,2303,2155,5900,602
1018,Søgne,2014,1119,1052,2934,371,1146,1110,3021,252,2265,2162,5955,623
1021,Marnardal,1999,246,199,514,114,255,241,558,79,501,440,1072,193
1021,Marnardal,2000,242,196,519,120,247,242,551,81,489,438,1070,201
1021,Marnardal,2001,239,199,522,118,240,243,552,81,479,442,1074,199
1021,Marnardal,2002,233,201,519,118,249,230,548,86,482,431,1067,204
1021,Marnardal,2003,242,185,528,123,254,229,557,85,496,414,1085,208
1021,Marnardal,2004,249,193,532,122,249,220,567,82,498,413,1099,204
1021,Marnardal,2005,252,173,526,127,233,210,565,81,485,383,1091,208
1021,Marnardal,2006,250,171,530,125,229,213,575,78,479,384,1105,203
1021,Marnardal,2007,237,175,536,120,214,211,577,77,451,386,1113,197
1021,Marnardal,2008,242,184,542,115,222,207,591,75,464,391,1133,190
1021,Marnardal,2009,237,197,558,104,234,224,592,77,471,421,1150,181
1021,Marnardal,2010,234,195,560,106,227,240,591,78,461,435,1151,184
1021,Marnardal,2011,235,203,558,104,220,230,601,76,455,433,1159,180
1021,Marnardal,2012,237,218,564,105,225,247,616,74,462,465,1180,179
1021,Marnardal,2013,233,230,560,99,233,238,630,69,466,468,1190,168
1021,Marnardal,2014,224,223,574,98,234,230,641,66,458,453,1215,164
1026,Åseral,1999,102,73,207,65,97,74,220,50,199,147,427,115
1026,Åseral,2000,103,71,203,65,100,71,219,46,203,142,422,111
1026,Åseral,2001,98,71,204,58,104,66,222,44,202,137,426,102
1026,Åseral,2002,107,75,207,59,117,67,232,38,224,142,439,97
1026,Åseral,2003,106,74,210,58,120,69,231,38,226,143,441,96
1026,Åseral,2004,110,62,212,63,118,75,234,40,228,137,446,103
1026,Åseral,2005,109,71,214,58,109,74,232,40,218,145,446,98
1026,Åseral,2006,107,67,214,57,109,71,229,40,216,138,443,97
1026,Åseral,2007,107,62,217,54,109,73,230,41,216,135,447,95
1026,Åseral,2008,108,66,217,55,102,80,236,41,210,146,453,96
1026,Åseral,2009,110,67,220,48,104,86,239,40,214,153,459,88
1026,Åseral,2010,103,74,221,49,98,93,245,34,201,167,466,83
1026,Åseral,2011,97,77,224,49,102,87,248,28,199,164,472,77
1026,Åseral,2012,100,69,228,49,95,94,249,28,195,163,477,77
1026,Åseral,2013,93,83,224,49,97,91,248,27,190,174,472,76
1026,Åseral,2014,85,92,228,46,98,97,253,24,183,189,481,70
1027,Audnedal,1999,184,145,337,97,160,178,373,53,344,323,710,150
1027,Audnedal,2000,190,145,339,98,160,170,376,52,350,315,715,150
1027,Audnedal,2001,188,157,345,101,167,164,396,53,355,321,741,154
1027,Audnedal,2002,190,151,347,101,161,160,393,51,351,311,740,152
1027,Audnedal,2003,188,153,352,95,167,159,400,48,355,312,752,143
1027,Audnedal,2004,183,156,356,94,167,157,405,50,350,313,761,144
1027,Audnedal,2005,191,147,363,90,168,157,409,50,359,304,772,140
1027,Audnedal,2006,182,138,366,87,162,161,407,53,344,299,773,140
1027,Audnedal,2007,189,146,375,86,167,168,415,49,356,314,790,135
1027,Audnedal,2008,196,149,385,81,167,175,408,52,363,324,793,133
1027,Audnedal,2009,188,157,391,83,167,171,419,54,355,328,810,137
1027,Audnedal,2010,202,157,401,76,182,164,433,55,384,321,834,131
1027,Audnedal,2011,195,165,402,76,175,162,432,53,370,327,834,129
1027,Audnedal,2012,193,160,414,78,174,171,449,50,367,331,863,128
1027,Audnedal,2013,200,168,419,78,183,165,464,51,383,333,883,129
1027,Audnedal,2014,199,180,417,79,183,167,470,48,382,347,887,127
1029,Lindesnes,1999,460,440,1028,251,490,478,1060,157,950,918,2088,408
1029,Lindesnes,2000,470,415,1057,248,504,473,1075,153,974,888,2132,401
1029,Lindesnes,2001,473,410,1084,248,497,469,1103,155,970,879,2187,403
1029,Lindesnes,2002,459,392,1092,247,488,458,1120,157,947,850,2212,404
1029,Lindesnes,2003,461,397,1103,255,486,475,1132,159,947,872,2235,414
1029,Lindesnes,2004,452,419,1108,259,484,469,1137,158,936,888,2245,417
1029,Lindesnes,2005,465,413,1111,252,461,478,1152,152,926,891,2263,404
1029,Lindesnes,2006,463,413,1116,250,444,472,1181,147,907,885,2297,397
1029,Lindesnes,2007,468,404,1133,251,435,472,1209,148,903,876,2342,399
1029,Lindesnes,2008,455,412,1155,236,456,455,1250,138,911,867,2405,374
1029,Lindesnes,2009,466,425,1168,239,469,457,1257,139,935,882,2425,378
1029,Lindesnes,2010,483,421,1182,225,462,474,1277,137,945,895,2459,362
1029,Lindesnes,2011,476,433,1216,216,467,477,1302,137,943,910,2518,353
1029,Lindesnes,2012,469,427,1236,214,472,476,1328,131,941,903,2564,345
1029,Lindesnes,2013,467,436,1258,213,488,457,1347,130,955,893,2605,343
1029,Lindesnes,2014,462,457,1272,210,492,455,1368,137,954,912,2640,347
1032,Lyngdal,1999,752,806,1645,305,802,864,1654,203,1554,1670,3299,508
1032,Lyngdal,2000,769,780,1673,319,807,858,1659,199,1576,1638,3332,518
1032,Lyngdal,2001,791,760,1705,325,809,839,1701,199,1600,1599,3406,524
1032,Lyngdal,2002,793,766,1737,325,842,819,1716,194,1635,1585,3453,519
1032,Lyngdal,2003,800,738,1764,324,808,796,1735,198,1608,1534,3499,522
1032,Lyngdal,2004,792,747,1784,322,803,794,1785,189,1595,1541,3569,511
1032,Lyngdal,2005,796,737,1802,323,819,783,1795,189,1615,1520,3597,512
1032,Lyngdal,2006,803,726,1831,323,827,758,1840,188,1630,1484,3671,511
1032,Lyngdal,2007,816,731,1840,323,832,754,1875,197,1648,1485,3715,520
1032,Lyngdal,2008,830,760,1880,324,861,775,1913,190,1691,1535,3793,514
1032,Lyngdal,2009,869,744,1923,312,854,783,1958,193,1723,1527,3881,505
1032,Lyngdal,2010,868,737,1979,303,865,794,1999,194,1733,1531,3978,497
1032,Lyngdal,2011,882,734,2010,293,869,804,2014,209,1751,1538,4024,502
1032,Lyngdal,2012,877,755,2045,296,866,796,2051,209,1743,1551,4096,505
1032,Lyngdal,2013,892,780,2070,289,865,807,2103,205,1757,1587,4173,494
1032,Lyngdal,2014,885,778,2099,290,898,813,2129,210,1783,1591,4228,500
1034,Hægebostad,1999,151,162,354,87,177,188,394,64,328,350,748,151
1034,Hægebostad,2000,159,175,361,85,179,191,413,58,338,366,774,143
1034,Hægebostad,2001,166,161,374,81,196,187,425,53,362,348,799,134
1034,Hægebostad,2002,163,168,369,74,171,187,418,52,334,355,787,126
1034,Hægebostad,2003,171,167,381,73,180,184,418,48,351,351,799,121
1034,Hægebostad,2004,178,159,380,69,183,179,423,45,361,338,803,114
1034,Hægebostad,2005,171,145,392,68,186,167,422,43,357,312,814,111
1034,Hægebostad,2006,171,137,387,68,185,165,432,38,356,302,819,106
1034,Hægebostad,2007,173,146,388,66,185,154,444,43,358,300,832,109
1034,Hægebostad,2008,178,142,389,64,185,150,443,46,363,292,832,110
1034,Hægebostad,2009,175,141,397,62,175,156,467,47,350,297,864,109
1034,Hægebostad,2010,166,139,405,55,171,167,476,45,337,306,881,100
1034,Hægebostad,2011,164,143,405,59,174,165,481,48,338,308,886,107
1034,Hægebostad,2012,166,151,411,55,175,171,486,50,341,322,897,105
1034,Hægebostad,2013,168,154,412,64,169,166,486,50,337,320,898,114
1034,Hægebostad,2014,163,162,412,68,172,171,488,54,335,333,900,122
1037,Kvinesdal,1999,555,525,1373,303,608,603,1412,183,1163,1128,2785,486
1037,Kvinesdal,2000,558,498,1374,311,621,583,1429,180,1179,1081,2803,491
1037,Kvinesdal,2001,559,508,1363,314,617,580,1428,178,1176,1088,2791,492
1037,Kvinesdal,2002,550,491,1392,311,620,558,1435,173,1170,1049,2827,484
1037,Kvinesdal,2003,555,511,1400,310,622,557,1454,169,1177,1068,2854,479
1037,Kvinesdal,2004,551,510,1400,306,601,546,1466,167,1152,1056,2866,473
1037,Kvinesdal,2005,551,495,1421,303,603,553,1492,164,1154,1048,2913,467
1037,Kvinesdal,2006,547,496,1424,304,579,555,1500,159,1126,1051,2924,463
1037,Kvinesdal,2007,548,500,1438,299,576,549,1525,160,1124,1049,2963,459
1037,Kvinesdal,2008,538,507,1441,305,582,556,1535,165,1120,1063,2976,470
1037,Kvinesdal,2009,553,494,1483,298,579,571,1551,161,1132,1065,3034,459
1037,Kvinesdal,2010,548,523,1503,299,574,586,1575,168,1122,1109,3078,467
1037,Kvinesdal,2011,555,528,1506,300,567,604,1587,169,1122,1132,3093,469
1037,Kvinesdal,2012,561,515,1523,294,554,601,1610,176,1115,1116,3133,470
1037,Kvinesdal,2013,574,518,1530,282,579,616,1628,172,1153,1134,3158,454
1037,Kvinesdal,2014,573,522,1530,285,573,626,1610,172,1146,1148,3140,457
1046,Sirdal,1999,170,174,388,132,185,182,430,77,355,356,818,209
1046,Sirdal,2000,168,176,391,128,189,172,429,81,357,348,820,209
1046,Sirdal,2001,170,175,390,132,189,169,430,82,359,344,820,214
1046,Sirdal,2002,175,182,390,130,190,165,447,79,365,347,837,209
1046,Sirdal,2003,183,182,404,131,193,166,451,76,376,348,855,207
1046,Sirdal,2004,182,164,404,137,180,169,456,74,362,333,860,211
1046,Sirdal,2005,179,164,402,134,175,180,460,66,354,344,862,200
1046,Sirdal,2006,175,169,404,133,163,177,458,61,338,346,862,194
1046,Sirdal,2007,171,170,415,121,161,174,465,60,332,344,880,181
1046,Sirdal,2008,178,170,419,119,163,178,472,58,341,348,891,177
1046,Sirdal,2009,180,154,428,110,158,178,478,53,338,332,906,163
1046,Sirdal,2010,188,156,443,110,162,185,493,53,350,341,936,163
1046,Sirdal,2011,179,152,452,107,174,182,490,55,353,334,942,162
1046,Sirdal,2012,171,161,460,101,181,179,505,58,352,340,965,159
1046,Sirdal,2013,178,160,467,95,178,181,513,59,356,341,980,154
1046,Sirdal,2014,177,156,463,95,185,184,508,63,362,340,971,158
1101,Eigersund,1999,1404,1373,3173,576,1561,1398,3289,335,2965,2771,6462,911
1101,Eigersund,2000,1399,1391,3259,569,1587,1410,3338,335,2986,2801,6597,904
1101,Eigersund,2001,1426,1344,3292,580,1570,1370,3375,334,2996,2714,6667,914
1101,Eigersund,2002,1420,1335,3308,598,1586,1332,3397,348,3006,2667,6705,946
1101,Eigersund,2003,1434,1319,3336,589,1548,1326,3457,341,2982,2645,6793,930
1101,Eigersund,2004,1435,1290,3389,589,1510,1348,3490,337,2945,2638,6879,926
1101,Eigersund,2005,1409,1263,3420,599,1508,1340,3510,359,2917,2603,6930,958
1101,Eigersund,2006,1390,1260,3442,598,1464,1361,3541,362,2854,2621,6983,960
1101,Eigersund,2007,1401,1264,3506,594,1468,1399,3603,359,2869,2663,7109,953
1101,Eigersund,2008,1405,1285,3544,601,1435,1438,3700,370,2840,2723,7244,971
1101,Eigersund,2009,1412,1290,3596,607,1435,1471,3773,385,2847,2761,7369,992
1101,Eigersund,2010,1423,1317,3641,604,1439,1490,3870,386,2862,2807,7511,990
1101,Eigersund,2011,1415,1348,3676,602,1471,1508,3934,392,2886,2856,7610,994
1101,Eigersund,2012,1402,1349,3744,603,1474,1530,3992,381,2876,2879,7736,984
1101,Eigersund,2013,1405,1379,3781,610,1483,1556,4044,378,2888,2935,7825,988
1101,Eigersund,2014,1389,1421,3848,605,1481,1552,4134,381,2870,2973,7982,986
1102,Sandnes,1999,6015,5441,12832,1778,6310,5586,13096,1019,12325,11027,25928,2797
1102,Sandnes,2000,6080,5481,13130,1821,6422,5612,13406,1046,12502,11093,26536,2867
1102,Sandnes,2001,6176,5575,13395,1859,6498,5598,13663,1096,12674,11173,27058,2955
1102,Sandnes,2002,6256,5648,13750,1880,6589,5726,13953,1127,12845,11374,27703,3007
1102,Sandnes,2003,6265,5725,14027,1892,6629,5789,14276,1126,12894,11514,28303,3018
1102,Sandnes,2004,6337,5747,14341,1910,6658,5933,14605,1137,12995,11680,28946,3047
1102,Sandnes,2005,6455,5801,14611,1934,6764,5984,14913,1156,13219,11785,29524,3090
1102,Sandnes,2006,6593,5918,15044,1939,6794,6200,15258,1201,13387,12118,30302,3140
1102,Sandnes,2007,6718,6183,15360,1946,6849,6500,15711,1240,13567,12683,31071,3186
1102,Sandnes,2008,6800,6302,15671,2005,6941,6738,16309,1271,13741,13040,31980,3276
1102,Sandnes,2009,6859,6415,16000,2011,7018,6985,16866,1277,13877,13400,32866,3288
1102,Sandnes,2010,6891,6576,16332,2032,7150,7081,17338,1271,14041,13657,33670,3303
1102,Sandnes,2011,7032,6765,16757,2064,7355,7158,17817,1297,14387,13923,34574,3361
1102,Sandnes,2012,7177,6911,17152,2072,7517,7379,18289,1317,14694,14290,35441,3389
1102,Sandnes,2013,7332,7214,17703,2069,7675,7639,19091,1323,15007,14853,36794,3392
1102,Sandnes,2014,7487,7463,18229,2052,7825,7765,19706,1373,15312,15228,37935,3425
1103,Stavanger,1999,11037,11562,27426,4882,11656,11472,27452,2532,22693,23034,54878,7414
1103,Stavanger,2000,11152,11400,27879,4862,11704,11371,27877,2573,22856,22771,55756,7435
1103,Stavanger,2001,11085,11218,28128,4855,11700,11252,28013,2597,22785,22470,56141,7452
1103,Stavanger,2002,11162,11176,28439,4892,11745,11298,28365,2633,22907,22474,56804,7525
1103,Stavanger,2003,11310,11270,28961,4790,11737,11484,28817,2638,23047,22754,57778,7428
1103,Stavanger,2004,11354,11426,29420,4778,11821,11599,29378,2629,23175,23025,58798,7407
1103,Stavanger,2005,11453,11655,29826,4796,11925,11730,29962,2644,23378,23385,59788,7440
1103,Stavanger,2006,11470,11715,30161,4855,11842,11962,30511,2641,23312,23677,60672,7496
1103,Stavanger,2007,11579,11976,30584,4828,11998,12311,31393,2646,23577,24287,61977,7474
1103,Stavanger,2008,11637,12317,31011,4775,12059,12743,32393,2651,23696,25060,63404,7426
1103,Stavanger,2009,11737,12531,31561,4711,12116,13114,33194,2646,23853,25645,64755,7357
1103,Stavanger,2010,11854,12839,32305,4682,12311,13332,33873,2654,24165,26171,66178,7336
1103,Stavanger,2011,12018,13153,32898,4618,12346,13651,34682,2655,24364,26804,67580,7273
1103,Stavanger,2012,11995,13414,33338,4567,12390,13831,35298,2673,24385,27245,68636,7240
1103,Stavanger,2013,12012,13577,33935,4499,12365,14092,36041,2670,24377,27669,69976,7169
1103,Stavanger,2014,12018,13842,34397,4489,12452,14388,36468,2700,24470,28230,70865,7189
1106,Haugesund,1999,2825,3080,7560,1820,2977,3251,7497,878,5802,6331,15057,2698
1106,Haugesund,2000,2897,3084,7742,1835,3085,3204,7635,880,5982,6288,15377,2715
1106,Haugesund,2001,2951,3077,7782,1824,3105,3232,7751,887,6056,6309,15533,2711
1106,Haugesund,2002,2943,3039,7876,1797,3162,3213,7850,862,6105,6252,15726,2659
1106,Haugesund,2003,2942,3091,7947,1808,3162,3229,7972,862,6104,6320,15919,2670
1106,Haugesund,2004,2990,3029,8060,1814,3215,3246,8132,875,6205,6275,16192,2689
1106,Haugesund,2005,2987,3056,8138,1804,3235,3199,8226,885,6222,6255,16364,2689
1106,Haugesund,2006,2960,3088,8226,1765,3214,3276,8322,887,6174,6364,16548,2652
1106,Haugesund,2007,2931,3095,8338,1742,3225,3400,8698,874,6156,6495,17036,2616
1106,Haugesund,2008,2944,3150,8459,1727,3259,3498,9023,896,6203,6648,17482,2623
1106,Haugesund,2009,2999,3259,8637,1680,3342,3622,9240,886,6341,6881,17877,2566
1106,Haugesund,2010,3052,3350,8773,1649,3348,3609,9389,879,6400,6959,18162,2528
1106,Haugesund,2011,3102,3434,8917,1615,3390,3609,9674,878,6492,7043,18591,2493
1106,Haugesund,2012,3152,3482,9103,1586,3400,3661,9852,863,6552,7143,18955,2449
1106,Haugesund,2013,3161,3517,9333,1564,3371,3802,10141,864,6532,7319,19474,2428
1106,Haugesund,2014,3190,3542,9488,1562,3393,3790,10255,879,6583,7332,19743,2441
1111,Sokndal,1999,366,319,802,209,376,336,857,129,742,655,1659,338
1111,Sokndal,2000,367,295,795,222,361,329,850,139,728,624,1645,361
1111,Sokndal,2001,354,298,802,219,358,327,853,143,712,625,1655,362
1111,Sokndal,2002,336,299,801,223,349,320,833,148,685,619,1634,371
1111,Sokndal,2003,332,303,799,220,346,310,838,146,678,613,1637,366
1111,Sokndal,2004,326,312,803,210,346,326,846,151,672,638,1649,361
1111,Sokndal,2005,325,306,813,211,341,322,835,156,666,628,1648,367
1111,Sokndal,2006,322,303,812,208,338,321,837,160,660,624,1649,368
1111,Sokndal,2007,309,309,799,213,327,308,846,155,636,617,1645,368
1111,Sokndal,2008,315,299,804,196,325,306,845,152,640,605,1649,348
1111,Sokndal,2009,302,304,814,192,333,309,846,146,635,613,1660,338
1111,Sokndal,2010,307,310,828,184,342,315,859,140,649,625,1687,324
1111,Sokndal,2011,308,290,832,181,331,323,865,135,639,613,1697,316
1111,Sokndal,2012,302,277,836,184,326,325,874,133,628,602,1710,317
1111,Sokndal,2013,306,283,843,188,328,328,884,126,634,611,1727,314
1111,Sokndal,2014,327,293,845,184,319,327,884,124,646,620,1729,308
1112,Lund,1999,355,290,705,171,369,349,739,114,724,639,1444,285
1112,Lund,2000,350,304,692,173,372,342,749,114,722,646,1441,287
1112,Lund,2001,359,306,709,169,362,342,758,109,721,648,1467,278
1112,Lund,2002,360,304,724,169,347,360,767,99,707,664,1491,268
1112,Lund,2003,341,297,727,165,342,352,774,99,683,649,1501,264
1112,Lund,2004,338,305,733,160,337,348,781,103,675,653,1514,263
1112,Lund,2005,344,310,751,154,338,347,776,109,682,657,1527,263
1112,Lund,2006,335,301,749,149,335,337,789,103,670,638,1538,252
1112,Lund,2007,334,308,756,157,339,333,791,102,673,641,1547,259
1112,Lund,2008,344,286,757,156,327,348,800,94,671,634,1557,250
1112,Lund,2009,325,297,754,158,325,347,810,95,650,644,1564,253
1112,Lund,2010,329,315,766,150,325,345,818,91,654,660,1584,241
1112,Lund,2011,343,328,772,147,326,345,824,101,669,673,1596,248
1112,Lund,2012,350,331,780,140,319,330,834,99,669,661,1614,239
1112,Lund,2013,339,337,781,145,314,317,838,102,653,654,1619,247
1112,Lund,2014,338,336,791,146,329,326,854,105,667,662,1645,251
1114,Bjerkreim,1999,287,267,547,116,313,251,587,86,600,518,1134,202
1114,Bjerkreim,2000,284,267,550,117,309,263,582,84,593,530,1132,201
1114,Bjerkreim,2001,288,275,553,118,312,278,574,85,600,553,1127,203
1114,Bjerkreim,2002,295,258,554,123,307,257,586,87,602,515,1140,210
1114,Bjerkreim,2003,285,264,557,124,300,262,595,93,585,526,1152,217
1114,Bjerkreim,2004,287,256,560,118,294,257,601,88,581,513,1161,206
1114,Bjerkreim,2005,288,244,570,119,279,259,619,85,567,503,1189,204
1114,Bjerkreim,2006,277,250,581,121,284,261,613,88,561,511,1194,209
1114,Bjerkreim,2007,279,247,594,117,299,257,625,89,578,504,1219,206
1114,Bjerkreim,2008,280,258,596,113,290,273,647,82,570,531,1243,195
1114,Bjerkreim,2009,285,255,599,116,296,280,667,82,581,535,1266,198
1114,Bjerkreim,2010,276,251,605,117,304,286,669,75,580,537,1274,192
1114,Bjerkreim,2011,289,262,625,111,311,298,685,70,600,560,1310,181
1114,Bjerkreim,2012,307,267,647,106,319,304,713,76,626,571,1360,182
1114,Bjerkreim,2013,312,292,648,105,323,297,724,78,635,589,1372,183
1114,Bjerkreim,2014,305,299,672,98,331,289,751,75,636,588,1423,173
1119,Hå,1999,1696,1498,3066,512,1698,1656,3271,326,3394,3154,6337,838
1119,Hå,2000,1719,1493,3131,509,1707,1677,3349,336,3426,3170,6480,845
1119,Hå,2001,1717,1472,3188,513,1726,1669,3392,340,3443,3141,6580,853
1119,Hå,2002,1741,1485,3246,519,1733,1666,3472,341,3474,3151,6718,860
1119,Hå,2003,1760,1524,3278,522,1775,1675,3546,337,3535,3199,6824,859
1119,Hå,2004,1772,1551,3331,518,1777,1663,3608,350,3549,3214,6939,868
1119,Hå,2005,1786,1576,3415,515,1790,1673,3673,356,3576,3249,7088,871
1119,Hå,2006,1805,1577,3445,531,1812,1636,3726,351,3617,3213,7171,882
1119,Hå,2007,1811,1608,3500,529,1807,1670,3786,361,3618,3278,7286,890
1119,Hå,2008,1823,1625,3616,523,1847,1733,3903,368,3670,3358,7519,891
1119,Hå,2009,1856,1722,3715,530,1892,1796,4076,362,3748,3518,7791,892
1119,Hå,2010,1893,1759,3833,536,1938,1823,4194,366,3831,3582,8027,902
1119,Hå,2011,1906,1816,3977,539,1997,1870,4338,379,3903,3686,8315,918
1119,Hå,2012,1938,1866,4061,525,2045,1933,4492,384,3983,3799,8553,909
1119,Hå,2013,1988,1886,4174,529,2045,2005,4609,399,4033,3891,8783,928
1119,Hå,2014,2007,1955,4286,522,2101,2042,4789,413,4108,3997,9075,935
1120,Klepp,1999,1651,1489,3148,347,1756,1595,3345,217,3407,3084,6493,564
1120,Klepp,2000,1696,1452,3237,368,1842,1527,3444,223,3538,2979,6681,591
1120,Klepp,2001,1714,1380,3325,369,1879,1484,3512,221,3593,2864,6837,590
1120,Klepp,2002,1726,1315,3395,381,1921,1432,3610,229,3647,2747,7005,610
1120,Klepp,2003,1745,1305,3498,391,1911,1384,3664,237,3656,2689,7162,628
1120,Klepp,2004,1773,1322,3526,397,1937,1381,3732,245,3710,2703,7258,642
1120,Klepp,2005,1763,1349,3593,402,1965,1396,3814,254,3728,2745,7407,656
1120,Klepp,2006,1794,1408,3663,412,1956,1447,3886,266,3750,2855,7549,678
1120,Klepp,2007,1808,1501,3742,419,1997,1515,4020,269,3805,3016,7762,688
1120,Klepp,2008,1867,1613,3864,418,1996,1644,4157,280,3863,3257,8021,698
1120,Klepp,2009,1900,1669,3984,430,2035,1727,4319,286,3935,3396,8303,716
1120,Klepp,2010,1933,1737,4136,429,2099,1820,4467,297,4032,3557,8603,726
1120,Klepp,2011,1961,1794,4250,445,2129,1860,4651,307,4090,3654,8901,752
1120,Klepp,2012,1983,1818,4379,446,2124,1880,4794,322,4107,3698,9173,768
1120,Klepp,2013,2005,1905,4480,448,2139,1966,4945,339,4144,3871,9425,787
1120,Klepp,2014,2027,1919,4563,461,2140,1996,5022,357,4167,3915,9585,818
1121,Time,1999,1558,1416,3127,401,1682,1474,3166,276,3240,2890,6293,677
1121,Time,2000,1568,1402,3203,428,1705,1466,3276,269,3273,2868,6479,697
1121,Time,2001,1577,1406,3256,437,1719,1488,3357,261,3296,2894,6613,698
1121,Time,2002,1580,1393,3305,434,1725,1473,3410,273,3305,2866,6715,707
1121,Time,2003,1616,1410,3399,430,1758,1526,3487,283,3374,2936,6886,713
1121,Time,2004,1639,1437,3480,441,1734,1600,3548,298,3373,3037,7028,739
1121,Time,2005,1658,1448,3584,453,1732,1652,3621,313,3390,3100,7205,766
1121,Time,2006,1650,1512,3679,466,1753,1679,3749,319,3403,3191,7428,785
1121,Time,2007,1638,1573,3748,475,1762,1682,3852,318,3400,3255,7600,793
1121,Time,2008,1656,1639,3842,484,1792,1745,3969,332,3448,3384,7811,816
1121,Time,2009,1719,1690,3926,491,1808,1774,4084,344,3527,3464,8010,835
1121,Time,2010,1733,1672,4023,499,1807,1785,4207,351,3540,3457,8230,850
1121,Time,2011,1765,1705,4115,504,1873,1816,4317,355,3638,3521,8432,859
1121,Time,2012,1812,1698,4220,503,1911,1831,4435,359,3723,3529,8655,862
1121,Time,2013,1878,1770,4368,520,1983,1903,4634,381,3861,3673,9002,901
1121,Time,2014,1893,1844,4449,531,2043,1950,4791,396,3936,3794,9240,927
1122,Gjesdal,1999,1150,949,1927,259,1287,1012,2019,144,2437,1961,3946,403
1122,Gjesdal,2000,1166,936,1994,260,1334,995,2081,145,2500,1931,4075,405
1122,Gjesdal,2001,1169,931,2027,263,1326,1001,2126,152,2495,1932,4153,415
1122,Gjesdal,2002,1192,951,2066,263,1332,978,2173,149,2524,1929,4239,412
1122,Gjesdal,2003,1191,915,2142,248,1307,979,2208,147,2498,1894,4350,395
1122,Gjesdal,2004,1207,897,2190,259,1279,1017,2256,143,2486,1914,4446,402
1122,Gjesdal,2005,1186,922,2204,261,1228,1050,2280,142,2414,1972,4484,403
1122,Gjesdal,2006,1158,986,2231,251,1228,1091,2334,147,2386,2077,4565,398
1122,Gjesdal,2007,1161,1039,2288,247,1209,1128,2396,153,2370,2167,4684,400
1122,Gjesdal,2008,1141,1064,2308,253,1191,1186,2445,141,2332,2250,4753,394
1122,Gjesdal,2009,1154,1075,2382,246,1206,1229,2528,149,2360,2304,4910,395
1122,Gjesdal,2010,1196,1105,2471,240,1198,1222,2635,141,2394,2327,5106,381
1122,Gjesdal,2011,1207,1147,2549,247,1239,1248,2738,133,2446,2395,5287,380
1122,Gjesdal,2012,1237,1178,2622,246,1259,1296,2801,139,2496,2474,5423,385
1122,Gjesdal,2013,1256,1217,2694,241,1283,1307,2893,148,2539,2524,5587,389
1122,Gjesdal,2014,1290,1219,2779,234,1323,1341,2984,147,2613,2560,5763,381
1124,Sola,1999,2309,1868,4605,390,2491,1979,4757,307,4800,3847,9362,697
1124,Sola,2000,2357,1858,4671,405,2488,1980,4835,321,4845,3838,9506,726
1124,Sola,2001,2381,1813,4730,439,2464,1932,4922,342,4845,3745,9652,781
1124,Sola,2002,2437,1795,4792,470,2475,1922,4992,348,4912,3717,9784,818
1124,Sola,2003,2435,1815,4893,489,2459,1999,5087,361,4894,3814,9980,850
1124,Sola,2004,2384,1797,4947,504,2447,1991,5125,360,4831,3788,10072,864
1124,Sola,2005,2401,1826,5027,517,2435,2038,5216,372,4836,3864,10243,889
1124,Sola,2006,2391,1897,5121,534,2466,2041,5308,380,4857,3938,10429,914
1124,Sola,2007,2383,2005,5238,551,2476,2152,5449,412,4859,4157,10687,963
1124,Sola,2008,2404,2149,5422,568,2474,2320,5671,438,4878,4469,11093,1006
1124,Sola,2009,2456,2209,5570,593,2539,2383,5889,437,4995,4592,11459,1030
1124,Sola,2010,2574,2331,5726,596,2603,2441,6112,448,5177,4772,11838,1044
1124,Sola,2011,2622,2371,5860,619,2655,2542,6221,460,5277,4913,12081,1079
1124,Sola,2012,2629,2457,6024,643,2663,2594,6388,479,5292,5051,12412,1122
1124,Sola,2013,2681,2530,6177,652,2694,2727,6623,495,5375,5257,12800,1147
1124,Sola,2014,2712,2553,6336,681,2714,2762,6812,513,5426,5315,13148,1194
1127,Randaberg,1999,1044,958,2123,188,1155,941,2210,122,2199,1899,4333,310
1127,Randaberg,2000,1065,910,2185,192,1147,912,2240,122,2212,1822,4425,314
1127,Randaberg,2001,1053,885,2198,192,1178,891,2245,120,2231,1776,4443,312
1127,Randaberg,2002,1080,844,2267,199,1176,866,2321,127,2256,1710,4588,326
1127,Randaberg,2003,1109,831,2292,199,1214,873,2339,141,2323,1704,4631,340
1127,Randaberg,2004,1107,848,2338,193,1223,850,2369,148,2330,1698,4707,341
1127,Randaberg,2005,1097,832,2360,205,1199,875,2379,152,2296,1707,4739,357
1127,Randaberg,2006,1110,833,2433,211,1228,893,2423,173,2338,1726,4856,384
1127,Randaberg,2007,1131,880,2471,222,1219,946,2458,174,2350,1826,4929,396
1127,Randaberg,2008,1130,896,2506,227,1192,985,2511,175,2322,1881,5017,402
1127,Randaberg,2009,1133,938,2538,244,1201,1039,2590,184,2334,1977,5128,428
1127,Randaberg,2010,1115,942,2584,260,1199,1056,2653,188,2314,1998,5237,448
1127,Randaberg,2011,1119,935,2614,278,1191,1053,2658,213,2310,1988,5272,491
1127,Randaberg,2012,1106,1021,2658,280,1175,1100,2703,222,2281,2121,5361,502
1127,Randaberg,2013,1118,1025,2692,291,1153,1144,2744,230,2271,2169,5436,521
1127,Randaberg,2014,1112,1002,2706,310,1123,1178,2750,235,2235,2180,5456,545
1129,Forsand,1999,115,109,227,52,117,107,248,40,232,216,475,92
1129,Forsand,2000,117,98,238,51,122,104,250,38,239,202,488,89
1129,Forsand,2001,113,98,247,48,140,95,254,38,253,193,501,86
1129,Forsand,2002,117,96,258,49,143,95,260,37,260,191,518,86
1129,Forsand,2003,121,103,260,44,143,94,273,38,264,197,533,82
1129,Forsand,2004,124,99,259,44,133,97,275,38,257,196,534,82
1129,Forsand,2005,128,104,271,44,141,93,284,37,269,197,555,81
1129,Forsand,2006,117,102,271,45,138,90,291,38,255,192,562,83
1129,Forsand,2007,116,98,275,44,140,99,294,37,256,197,569,81
1129,Forsand,2008,111,102,284,42,144,96,301,36,255,198,585,78
1129,Forsand,2009,114,112,284,45,146,90,305,38,260,202,589,83
1129,Forsand,2010,126,104,288,47,143,98,305,38,269,202,593,85
1129,Forsand,2011,126,108,291,49,136,98,314,44,262,206,605,93
1129,Forsand,2012,121,105,296,52,141,110,318,47,262,215,614,99
1129,Forsand,2013,124,110,305,52,150,115,330,41,274,225,635,93
1129,Forsand,2014,125,110,303,56,147,119,342,40,272,229,645,96
1130,Strand,1999,1157,1077,2315,404,1159,1159,2409,289,2316,2236,4724,693
1130,Strand,2000,1183,1088,2349,413,1180,1170,2449,290,2363,2258,4798,703
1130,Strand,2001,1178,1107,2378,414,1223,1122,2483,277,2401,2229,4861,691
1130,Strand,2002,1152,1109,2420,405,1222,1087,2500,293,2374,2196,4920,698
1130,Strand,2003,1167,1110,2445,412,1231,1074,2563,296,2398,2184,5008,708
1130,Strand,2004,1162,1113,2489,412,1221,1072,2575,284,2383,2185,5064,696
1130,Strand,2005,1154,1084,2557,410,1236,1081,2630,289,2390,2165,5187,699
1130,Strand,2006,1171,1086,2586,412,1240,1090,2685,296,2411,2176,5271,708
1130,Strand,2007,1155,1097,2617,412,1252,1096,2720,305,2407,2193,5337,717
1130,Strand,2008,1200,1101,2686,418,1267,1131,2793,298,2467,2232,5479,716
1130,Strand,2009,1212,1096,2739,425,1256,1152,2858,307,2468,2248,5597,732
1130,Strand,2010,1225,1084,2816,417,1248,1204,2905,307,2473,2288,5721,724
1130,Strand,2011,1241,1128,2839,414,1286,1188,2982,301,2527,2316,5821,715
1130,Strand,2012,1258,1111,2912,411,1296,1223,3008,314,2554,2334,5920,725
1130,Strand,2013,1280,1176,2990,426,1356,1244,3098,312,2636,2420,6088,738
1130,Strand,2014,1299,1212,3056,432,1382,1253,3185,320,2681,2465,6241,752
1133,Hjelmeland,1999,284,265,623,194,297,288,683,128,581,553,1306,322
1133,Hjelmeland,2000,283,260,630,188,287,286,691,131,570,546,1321,319
1133,Hjelmeland,2001,280,253,639,184,285,277,698,129,565,530,1337,313
1133,Hjelmeland,2002,272,251,639,178,277,272,693,126,549,523,1332,304
1133,Hjelmeland,2003,269,249,653,171,277,276,696,117,546,525,1349,288
1133,Hjelmeland,2004,278,253,649,168,289,282,707,121,567,535,1356,289
1133,Hjelmeland,2005,289,247,658,158,279,269,717,119,568,516,1375,277
1133,Hjelmeland,2006,280,262,662,149,282,270,703,115,562,532,1365,264
1133,Hjelmeland,2007,280,271,656,144,272,269,702,113,552,540,1358,257
1133,Hjelmeland,2008,268,268,654,136,265,264,715,108,533,532,1369,244
1133,Hjelmeland,2009,279,259,661,136,266,267,726,107,545,526,1387,243
1133,Hjelmeland,2010,294,253,682,134,276,258,744,103,570,511,1426,237
1133,Hjelmeland,2011,302,257,695,126,291,279,758,106,593,536,1453,232
1133,Hjelmeland,2012,309,244,697,125,286,275,767,104,595,519,1464,229
1133,Hjelmeland,2013,303,248,696,116,282,273,781,100,585,521,1477,216
1133,Hjelmeland,2014,305,241,703,111,280,265,788,94,585,506,1491,205
1134,Suldal,1999,406,409,942,254,416,453,1021,162,822,862,1963,416
1134,Suldal,2000,406,395,960,246,418,433,1027,158,824,828,1987,404
1134,Suldal,2001,400,400,963,239,420,428,1033,159,820,828,1996,398
1134,Suldal,2002,392,403,953,241,405,402,1035,153,797,805,1988,394
1134,Suldal,2003,378,385,956,242,379,400,1021,162,757,785,1977,404
1134,Suldal,2004,378,372,956,250,380,375,1017,167,758,747,1973,417
1134,Suldal,2005,369,377,963,249,390,368,1022,163,759,745,1985,412
1134,Suldal,2006,369,359,964,261,385,364,1022,159,754,723,1986,420
1134,Suldal,2007,370,353,976,252,376,375,1026,146,746,728,2002,398
1134,Suldal,2008,356,344,976,253,363,353,1034,144,719,697,2010,397
1134,Suldal,2009,367,325,993,251,364,347,1034,152,731,672,2027,403
1134,Suldal,2010,375,312,1013,240,370,345,1039,155,745,657,2052,395
1134,Suldal,2011,362,324,1014,236,376,342,1041,155,738,666,2055,391
1134,Suldal,2012,358,327,1015,229,370,356,1033,157,728,683,2048,386
1134,Suldal,2013,358,336,1026,215,383,357,1041,156,741,693,2067,371
1134,Suldal,2014,365,341,1026,207,382,348,1064,148,747,689,2090,355
1135,Sauda,1999,542,445,1288,311,518,489,1346,163,1060,934,2634,474
1135,Sauda,2000,540,430,1289,308,517,486,1349,162,1057,916,2638,470
1135,Sauda,2001,512,426,1274,315,505,475,1336,176,1017,901,2610,491
1135,Sauda,2002,480,406,1278,323,477,473,1307,182,957,879,2585,505
1135,Sauda,2003,480,420,1266,330,467,472,1290,190,947,892,2556,520
1135,Sauda,2004,470,417,1269,322,449,473,1280,198,919,890,2549,520
1135,Sauda,2005,439,418,1261,323,446,464,1268,200,885,882,2529,523
1135,Sauda,2006,441,405,1250,316,431,466,1260,200,872,871,2510,516
1135,Sauda,2007,426,420,1236,321,419,449,1245,216,845,869,2481,537
1135,Sauda,2008,436,407,1239,325,408,440,1250,229,844,847,2489,554
1135,Sauda,2009,424,413,1236,325,403,454,1251,224,827,867,2487,549
1135,Sauda,2010,402,419,1238,317,378,474,1245,222,780,893,2483,539
1135,Sauda,2011,409,426,1226,317,367,481,1252,225,776,907,2478,542
1135,Sauda,2012,412,445,1233,316,375,477,1274,222,787,922,2507,538
1135,Sauda,2013,411,440,1237,306,392,456,1290,213,803,896,2527,519
1135,Sauda,2014,410,441,1246,306,400,447,1293,217,810,888,2539,523
1141,Finnøy,1999,331,273,659,178,340,275,667,133,671,548,1326,311
1141,Finnøy,2000,320,278,665,183,339,281,668,131,659,559,1333,314
1141,Finnøy,2001,304,289,659,182,335,283,673,129,639,572,1332,311
1141,Finnøy,2002,296,284,653,172,325,293,671,128,621,577,1324,300
1141,Finnøy,2003,303,274,662,167,323,284,671,122,626,558,1333,289
1141,Finnøy,2004,304,281,662,162,326,286,665,123,630,567,1327,285
1141,Finnøy,2005,279,285,662,161,321,278,659,127,600,563,1321,288
1141,Finnøy,2006,275,271,659,163,305,266,666,124,580,537,1325,287
1141,Finnøy,2007,257,258,657,165,289,261,672,113,546,519,1329,278
1141,Finnøy,2008,267,256,666,169,295,265,685,108,562,521,1351,277
1141,Finnøy,2009,261,252,686,159,294,296,731,111,555,548,1417,270
1141,Finnøy,2010,262,275,678,159,290,307,747,106,552,582,1425,265
1141,Finnøy,2011,274,295,696,155,294,325,781,99,568,620,1477,254
1141,Finnøy,2012,273,293,715,153,294,321,806,100,567,614,1521,253
1141,Finnøy,2013,289,292,738,150,300,310,843,93,589,602,1581,243
1141,Finnøy,2014,290,286,759,144,315,309,859,96,605,595,1618,240
1142,Rennesøy,1999,349,304,671,125,405,321,737,106,754,625,1408,231
1142,Rennesøy,2000,365,282,722,127,423,318,769,105,788,600,1491,232
1142,Rennesøy,2001,371,290,735,129,432,313,797,101,803,603,1532,230
1142,Rennesøy,2002,386,294,748,131,455,303,828,104,841,597,1576,235
1142,Rennesøy,2003,393,284,759,135,457,298,832,103,850,582,1591,238
1142,Rennesøy,2004,404,289,770,137,448,308,860,93,852,597,1630,230
1142,Rennesøy,2005,404,294,786,133,449,311,873,100,853,605,1659,233
1142,Rennesøy,2006,412,301,806,134,441,331,894,93,853,632,1700,227
1142,Rennesøy,2007,431,297,842,137,459,337,926,97,890,634,1768,234
1142,Rennesøy,2008,463,320,900,133,479,364,999,103,942,684,1899,236
1142,Rennesøy,2009,467,345,935,135,476,385,1045,100,943,730,1980,235
1142,Rennesøy,2010,493,363,969,134,487,396,1087,106,980,759,2056,240
1142,Rennesøy,2011,521,380,1015,133,506,415,1123,109,1027,795,2138,242
1142,Rennesøy,2012,543,395,1076,133,522,450,1164,105,1065,845,2240,238
1142,Rennesøy,2013,559,425,1133,131,566,478,1228,99,1125,903,2361,230
1142,Rennesøy,2014,568,449,1181,119,575,499,1263,101,1143,948,2444,220
1144,Kvitsøy,1999,54,47,125,23,48,42,151,20,102,89,276,43
1144,Kvitsøy,2000,50,54,125,24,55,40,155,20,105,94,280,44
1144,Kvitsøy,2001,49,53,131,22,60,38,154,22,109,91,285,44
1144,Kvitsøy,2002,45,52,132,20,65,33,152,21,110,85,284,41
1144,Kvitsøy,2003,45,53,133,21,58,38,152,19,103,91,285,40
1144,Kvitsøy,2004,43,46,130,23,58,40,144,24,101,86,274,47
1144,Kvitsøy,2005,45,41,132,24,56,41,148,24,101,82,280,48
1144,Kvitsøy,2006,47,40,137,24,56,45,147,25,103,85,284,49
1144,Kvitsøy,2007,49,41,136,24,59,45,149,24,108,86,285,48
1144,Kvitsøy,2008,46,46,137,28,61,44,149,27,107,90,286,55
1144,Kvitsøy,2009,47,40,142,29,57,50,147,30,104,90,289,59
1144,Kvitsøy,2010,43,44,134,28,53,56,137,32,96,100,271,60
1144,Kvitsøy,2011,44,46,135,28,51,53,136,35,95,99,271,63
1144,Kvitsøy,2012,40,50,133,26,48,51,134,37,88,101,267,63
1144,Kvitsøy,2013,42,49,130,29,51,56,139,32,93,105,269,61
1144,Kvitsøy,2014,47,42,136,28,57,46,145,30,104,88,281,58
1145,Bokn,1999,72,85,175,44,78,82,200,17,150,167,375,61
1145,Bokn,2000,77,94,177,47,81,79,212,19,158,173,389,66
1145,Bokn,2001,78,90,178,48,91,75,214,18,169,165,392,66
1145,Bokn,2002,76,81,181,44,90,64,209,20,166,145,390,64
1145,Bokn,2003,75,77,186,43,89,61,212,22,164,138,398,65
1145,Bokn,2004,72,72,188,46,95,57,216,21,167,129,404,67
1145,Bokn,2005,69,71,189,49,98,52,216,25,167,123,405,74
1145,Bokn,2006,70,70,191,48,91,57,220,23,161,127,411,71
1145,Bokn,2007,79,63,200,51,96,60,221,23,175,123,421,74
1145,Bokn,2008,80,71,207,51,95,68,222,29,175,139,429,80
1145,Bokn,2009,78,67,205,45,93,70,223,30,171,137,428,75
1145,Bokn,2010,76,67,212,46,102,68,228,32,178,135,440,78
1145,Bokn,2011,78,61,221,44,100,75,225,33,178,136,446,77
1145,Bokn,2012,76,66,222,45,100,80,229,33,176,146,451,78
1145,Bokn,2013,73,68,222,45,102,85,236,34,175,153,458,79
1145,Bokn,2014,68,76,223,46,99,89,234,33,167,165,457,79
1146,Tysvær,1999,1056,884,1956,299,1150,979,2142,203,2206,1863,4098,502
1146,Tysvær,2000,1062,895,2007,301,1155,991,2203,214,2217,1886,4210,515
1146,Tysvær,2001,1080,885,2071,297,1177,958,2235,206,2257,1843,4306,503
1146,Tysvær,2002,1105,883,2113,309,1168,964,2290,204,2273,1847,4403,513
1146,Tysvær,2003,1104,868,2160,301,1162,953,2341,203,2266,1821,4501,504
1146,Tysvær,2004,1113,888,2208,285,1161,953,2401,204,2274,1841,4609,489
1146,Tysvær,2005,1117,885,2254,287,1189,976,2455,207,2306,1861,4709,494
1146,Tysvær,2006,1113,841,2293,284,1177,976,2457,208,2290,1817,4750,492
1146,Tysvær,2007,1125,886,2312,298,1183,993,2503,213,2308,1879,4815,511
1146,Tysvær,2008,1126,872,2347,298,1194,980,2556,231,2320,1852,4903,529
1146,Tysvær,2009,1113,897,2382,299,1175,1020,2593,233,2288,1917,4975,532
1146,Tysvær,2010,1119,929,2445,295,1227,1011,2662,240,2346,1940,5107,535
1146,Tysvær,2011,1133,956,2498,311,1243,1053,2744,253,2376,2009,5242,564
1146,Tysvær,2012,1099,1022,2526,323,1228,1053,2804,265,2327,2075,5330,588
1146,Tysvær,2013,1141,1036,2590,314,1258,1058,2819,271,2399,2094,5409,585
1146,Tysvær,2014,1164,1054,2660,313,1251,1072,2881,273,2415,2126,5541,586
1149,Karmøy,1999,4177,3904,8841,1354,4285,4125,9144,807,8462,8029,17985,2161
1149,Karmøy,2000,4244,3846,8953,1359,4356,4019,9396,798,8600,7865,18349,2157
1149,Karmøy,2001,4273,3740,9109,1378,4432,3882,9536,795,8705,7622,18645,2173
1149,Karmøy,2002,4242,3619,9226,1402,4421,3734,9636,813,8663,7353,18862,2215
1149,Karmøy,2003,4216,3588,9349,1427,4415,3656,9711,837,8631,7244,19060,2264
1149,Karmøy,2004,4184,3570,9450,1430,4384,3629,9778,856,8568,7199,19228,2286
1149,Karmøy,2005,4119,3622,9592,1432,4300,3723,9901,878,8419,7345,19493,2310
1149,Karmøy,2006,4100,3688,9723,1434,4265,3774,10051,893,8365,7462,19774,2327
1149,Karmøy,2007,4092,3788,9835,1431,4240,3876,10154,933,8332,7664,19989,2364
1149,Karmøy,2008,4080,3870,9973,1436,4204,3942,10495,926,8284,7812,20468,2362
1149,Karmøy,2009,4066,3911,10128,1441,4245,3954,10650,959,8311,7865,20778,2400
1149,Karmøy,2010,4078,3873,10261,1467,4253,3971,10754,967,8331,7844,21015,2434
1149,Karmøy,2011,4060,3906,10432,1462,4245,4058,10920,980,8305,7964,21352,2442
1149,Karmøy,2012,4112,3906,10585,1468,4281,4118,11055,1011,8393,8024,21640,2479
1149,Karmøy,2013,4129,3967,10745,1471,4324,4125,11314,1043,8453,8092,22059,2514
1149,Karmøy,2014,4131,4097,10906,1517,4356,4213,11478,1055,8487,8310,22384,2572
1151,Utsira,1999,20,23,42,24,33,27,64,13,53,50,106,37
1151,Utsira,2000,20,24,47,24,36,27,66,12,56,51,113,36
1151,Utsira,2001,17,20,46,21,32,27,60,9,49,47,106,30
1151,Utsira,2002,21,17,46,19,34,26,60,10,55,43,106,29
1151,Utsira,2003,20,18,47,17,29,25,59,9,49,43,106,26
1151,Utsira,2004,19,19,46,14,28,24,58,7,47,43,104,21
1151,Utsira,2005,20,16,47,13,28,24,56,9,48,40,103,22
1151,Utsira,2006,21,15,47,13,27,23,54,9,48,38,101,22
1151,Utsira,2007,21,12,51,12,24,27,58,9,45,39,109,21
1151,Utsira,2008,21,14,49,13,22,25,60,8,43,39,109,21
1151,Utsira,2009,18,20,47,10,22,23,66,8,40,43,113,18
1151,Utsira,2010,17,22,46,12,22,20,71,8,39,42,117,20
1151,Utsira,2011,18,21,49,10,23,21,66,8,41,42,115,18
1151,Utsira,2012,15,18,54,9,24,20,68,10,39,38,122,19
1151,Utsira,2013,12,19,52,9,21,20,66,10,33,39,118,19
1151,Utsira,2014,13,20,56,6,24,17,66,9,37,37,122,15
1201,Bergen,1999,22070,22932,59606,11458,23400,23381,58425,6004,45470,46313,118031,17462
1201,Bergen,2000,22475,22595,60448,11513,23841,23127,59467,6030,46316,45722,119915,17543
1201,Bergen,2001,22714,22365,61048,11470,24008,23093,60175,6075,46722,45458,121223,17545
1201,Bergen,2002,22834,22593,61806,11478,24077,23291,61081,6131,46911,45884,122887,17609
1201,Bergen,2003,22939,22850,62487,11415,24135,23534,61882,6181,47074,46384,124369,17596
1201,Bergen,2004,22961,23124,63104,11420,24111,23808,62670,6232,47072,46932,125774,17652
1201,Bergen,2005,22921,23388,63612,11388,23978,24131,63468,6323,46899,47519,127080,17711
1201,Bergen,2006,22834,24039,64278,11451,23871,24779,64411,6495,46705,48818,128689,17946
1201,Bergen,2007,22723,24646,64711,11466,23610,25552,65357,6555,46333,50198,130068,18021
1201,Bergen,2008,22696,25422,65053,11496,23462,26569,66414,6634,46158,51991,131467,18130
1201,Bergen,2009,22882,26213,65981,11442,23662,27513,67695,6663,46544,53726,133676,18105
1201,Bergen,2010,23121,27193,66986,11474,23875,28387,68816,6748,46996,55580,135802,18222
1201,Bergen,2011,23103,27944,67878,11369,24065,29110,70195,6728,47168,57054,138073,18097
1201,Bergen,2012,23136,28498,68725,11306,24027,29740,71550,6780,47163,58238,140275,18086
1201,Bergen,2013,23235,29267,69680,11316,24092,30493,73052,6815,47327,59760,142732,18131
1201,Bergen,2014,23280,30065,70513,11331,24243,31278,74285,6954,47523,61343,144798,18285
1211,Etne,1999,401,400,911,238,397,449,992,160,798,849,1903,398
1211,Etne,2000,399,371,912,247,394,435,1002,157,793,806,1914,404
1211,Etne,2001,404,367,935,250,400,408,1015,166,804,775,1950,416
1211,Etne,2002,410,361,939,247,402,402,1044,161,812,763,1983,408
1211,Etne,2003,414,370,939,245,387,405,1034,166,801,775,1973,411
1211,Etne,2004,402,357,939,243,383,378,1054,160,785,735,1993,403
1211,Etne,2005,396,360,941,238,375,388,1048,158,771,748,1989,396
1211,Etne,2006,377,356,953,229,372,377,1056,152,749,733,2009,381
1211,Etne,2007,366,354,954,218,372,390,1061,143,738,744,2015,361
1211,Etne,2008,364,348,960,216,365,394,1052,153,729,742,2012,369
1211,Etne,2009,368,348,965,219,370,380,1049,155,738,728,2014,374
1211,Etne,2010,370,338,975,220,368,379,1078,154,738,717,2053,374
1211,Etne,2011,363,343,991,216,381,379,1089,147,744,722,2080,363
1211,Etne,2012,365,347,1004,220,391,379,1107,150,756,726,2111,370
1211,Etne,2013,386,344,1030,213,399,374,1145,149,785,718,2175,362
1211,Etne,2014,383,348,1030,210,396,384,1155,151,779,732,2185,361
1216,Sveio,1999,504,470,1078,188,522,554,1144,121,1026,1024,2222,309
1216,Sveio,2000,519,451,1079,201,539,573,1135,126,1058,1024,2214,327
1216,Sveio,2001,527,442,1094,210,559,555,1158,124,1086,997,2252,334
1216,Sveio,2002,523,428,1110,208,578,533,1183,120,1101,961,2293,328
1216,Sveio,2003,508,426,1113,204,579,510,1197,129,1087,936,2310,333
1216,Sveio,2004,510,432,1127,205,557,520,1209,127,1067,952,2336,332
1216,Sveio,2005,502,437,1134,201,541,505,1225,127,1043,942,2359,328
1216,Sveio,2006,512,438,1162,202,528,521,1255,129,1040,959,2417,331
1216,Sveio,2007,517,422,1193,202,536,498,1271,125,1053,920,2464,327
1216,Sveio,2008,526,438,1213,194,533,508,1288,125,1059,946,2501,319
1216,Sveio,2009,539,427,1228,195,549,501,1338,129,1088,928,2566,324
1216,Sveio,2010,544,441,1252,200,550,511,1374,127,1094,952,2626,327
1216,Sveio,2011,566,465,1278,195,569,530,1408,127,1135,995,2686,322
1216,Sveio,2012,555,463,1300,195,580,544,1452,139,1135,1007,2752,334
1216,Sveio,2013,567,482,1349,190,610,534,1528,140,1177,1016,2877,330
1216,Sveio,2014,573,488,1362,190,631,535,1554,130,1204,1023,2916,320
1219,Bømlo,1999,1228,1131,2371,474,1376,1265,2557,292,2604,2396,4928,766
1219,Bømlo,2000,1218,1099,2386,504,1360,1278,2594,300,2578,2377,4980,804
1219,Bømlo,2001,1242,1107,2402,488,1373,1273,2643,311,2615,2380,5045,799
1219,Bømlo,2002,1268,1088,2419,518,1373,1241,2678,307,2641,2329,5097,825
1219,Bømlo,2003,1263,1084,2444,515,1356,1189,2719,297,2619,2273,5163,812
1219,Bømlo,2004,1210,1076,2464,522,1329,1202,2709,303,2539,2278,5173,825
1219,Bømlo,2005,1198,1053,2503,526,1313,1201,2734,302,2511,2254,5237,828
1219,Bømlo,2006,1170,1052,2517,529,1320,1172,2743,305,2490,2224,5260,834
1219,Bømlo,2007,1156,1066,2556,527,1310,1188,2775,314,2466,2254,5331,841
1219,Bømlo,2008,1176,1066,2600,529,1297,1210,2809,311,2473,2276,5409,840
1219,Bømlo,2009,1172,1094,2621,534,1286,1222,2859,297,2458,2316,5480,831
1219,Bømlo,2010,1184,1097,2684,542,1300,1242,2933,293,2484,2339,5617,835
1219,Bømlo,2011,1204,1087,2734,539,1322,1236,3003,296,2526,2323,5737,835
1219,Bømlo,2012,1211,1099,2782,528,1308,1257,3015,303,2519,2356,5797,831
1219,Bømlo,2013,1209,1109,2846,527,1283,1252,3103,309,2492,2361,5949,836
1219,Bømlo,2014,1223,1102,2889,517,1291,1248,3166,313,2514,2350,6055,830
1221,Stord,1999,1869,1748,3783,485,2016,1893,3978,299,3885,3641,7761,784
1221,Stord,2000,1860,1714,3849,502,2014,1846,4052,307,3874,3560,7901,809
1221,Stord,2001,1892,1689,3906,517,2030,1828,4073,306,3922,3517,7979,823
1221,Stord,2002,1875,1654,3943,545,2032,1751,4117,302,3907,3405,8060,847
1221,Stord,2003,1902,1613,4018,556,2035,1698,4171,317,3937,3311,8189,873
1221,Stord,2004,1878,1617,4076,570,1975,1722,4247,320,3853,3339,8323,890
1221,Stord,2005,1854,1637,4121,592,1939,1735,4301,337,3793,3372,8422,929
1221,Stord,2006,1868,1660,4199,581,1935,1745,4361,333,3803,3405,8560,914
1221,Stord,2007,1837,1686,4248,601,1949,1756,4413,360,3786,3442,8661,961
1221,Stord,2008,1861,1690,4302,622,1923,1809,4509,376,3784,3499,8811,998
1221,Stord,2009,1842,1717,4355,630,1895,1869,4593,388,3737,3586,8948,1018
1221,Stord,2010,1868,1787,4403,651,1917,1898,4648,393,3785,3685,9051,1044
1221,Stord,2011,1875,1810,4451,664,1902,1937,4755,410,3777,3747,9206,1074
1221,Stord,2012,1869,1823,4493,658,1882,1977,4831,424,3751,3800,9324,1082
1221,Stord,2013,1872,1874,4571,664,1890,1968,4906,416,3762,3842,9477,1080
1221,Stord,2014,1870,1874,4653,668,1888,1989,5034,449,3758,3863,9687,1117
1222,Fitjar,1999,323,340,664,116,331,404,705,79,654,744,1369,195
1222,Fitjar,2000,329,328,675,118,346,395,720,81,675,723,1395,199
1222,Fitjar,2001,327,322,669,126,352,393,708,81,679,715,1377,207
1222,Fitjar,2002,327,310,658,131,330,379,699,87,657,689,1357,218
1222,Fitjar,2003,321,295,654,135,326,374,703,84,647,669,1357,219
1222,Fitjar,2004,324,303,671,134,334,348,713,84,658,651,1384,218
1222,Fitjar,2005,332,277,671,140,343,322,730,80,675,599,1401,220
1222,Fitjar,2006,327,272,684,137,341,312,746,82,668,584,1430,219
1222,Fitjar,2007,324,273,682,146,338,296,761,77,662,569,1443,223
1222,Fitjar,2008,324,268,690,148,339,296,767,80,663,564,1457,228
1222,Fitjar,2009,324,263,691,148,338,285,775,84,662,548,1466,232
1222,Fitjar,2010,314,268,707,144,333,290,792,83,647,558,1499,227
1222,Fitjar,2011,318,270,714,139,313,282,811,82,631,552,1525,221
1222,Fitjar,2012,316,277,728,142,314,273,818,76,630,550,1546,218
1222,Fitjar,2013,318,262,745,139,323,279,840,74,641,541,1585,213
1222,Fitjar,2014,310,268,764,134,316,290,858,69,626,558,1622,203
1223,Tysnes,1999,253,228,687,224,305,254,703,151,558,482,1390,375
1223,Tysnes,2000,268,225,689,225,318,257,710,151,586,482,1399,376
1223,Tysnes,2001,275,237,691,224,308,291,758,154,583,528,1449,378
1223,Tysnes,2002,260,221,702,216,296,263,745,140,556,484,1447,356
1223,Tysnes,2003,260,241,698,211,276,264,737,134,536,505,1435,345
1223,Tysnes,2004,265,239,693,215,267,260,748,125,532,499,1441,340
1223,Tysnes,2005,270,243,694,216,268,258,755,121,538,501,1449,337
1223,Tysnes,2006,262,225,698,222,258,251,760,119,520,476,1458,341
1223,Tysnes,2007,243,224,695,215,246,246,762,122,489,470,1457,337
1223,Tysnes,2008,243,234,703,215,239,252,767,120,482,486,1470,335
1223,Tysnes,2009,238,234,704,221,233,273,763,126,471,507,1467,347
1223,Tysnes,2010,237,237,699,220,236,266,756,128,473,503,1455,348
1223,Tysnes,2011,241,233,690,219,216,273,761,123,457,506,1451,342
1223,Tysnes,2012,237,246,689,222,218,261,775,118,455,507,1464,340
1223,Tysnes,2013,226,233,692,208,216,262,773,126,442,495,1465,334
1223,Tysnes,2014,230,218,705,207,208,275,781,121,438,493,1486,328
1224,Kvinnherad,1999,1385,1321,3148,693,1461,1439,3324,435,2846,2760,6472,1128
1224,Kvinnherad,2000,1390,1276,3203,688,1419,1426,3376,418,2809,2702,6579,1106
1224,Kvinnherad,2001,1384,1284,3229,663,1397,1422,3404,429,2781,2706,6633,1092
1224,Kvinnherad,2002,1365,1228,3269,674,1369,1382,3439,414,2734,2610,6708,1088
1224,Kvinnherad,2003,1379,1214,3296,678,1369,1354,3443,424,2748,2568,6739,1102
1224,Kvinnherad,2004,1377,1191,3319,689,1361,1299,3500,422,2738,2490,6819,1111
1224,Kvinnherad,2005,1357,1174,3331,686,1371,1263,3523,417,2728,2437,6854,1103
1224,Kvinnherad,2006,1324,1161,3347,703,1357,1240,3528,411,2681,2401,6875,1114
1224,Kvinnherad,2007,1296,1157,3357,693,1345,1246,3515,423,2641,2403,6872,1116
1224,Kvinnherad,2008,1307,1168,3365,699,1336,1227,3535,426,2643,2395,6900,1125
1224,Kvinnherad,2009,1300,1178,3376,702,1336,1235,3565,420,2636,2413,6941,1122
1224,Kvinnherad,2010,1299,1173,3406,689,1340,1261,3589,430,2639,2434,6995,1119
1224,Kvinnherad,2011,1285,1178,3448,677,1344,1248,3620,443,2629,2426,7068,1120
1224,Kvinnherad,2012,1272,1194,3484,669,1334,1266,3644,455,2606,2460,7128,1124
1224,Kvinnherad,2013,1274,1163,3500,675,1312,1258,3652,471,2586,2421,7152,1146
1224,Kvinnherad,2014,1251,1125,3493,709,1290,1242,3647,475,2541,2367,7140,1184
1227,Jondal,1999,119,106,282,105,103,110,291,55,222,216,573,160
1227,Jondal,2000,110,110,282,98,100,109,286,56,210,219,568,154
1227,Jondal,2001,110,107,276,102,102,96,292,56,212,203,568,158
1227,Jondal,2002,110,102,273,94,94,98,287,54,204,200,560,148
1227,Jondal,2003,103,87,272,86,85,100,284,54,188,187,556,140
1227,Jondal,2004,101,88,274,86,86,100,276,62,187,188,550,148
1227,Jondal,2005,97,92,278,86,95,92,280,58,192,184,558,144
1227,Jondal,2006,100,86,276,79,102,87,277,53,202,173,553,132
1227,Jondal,2007,97,90,270,77,108,85,272,57,205,175,542,134
1227,Jondal,2008,90,90,271,78,96,98,268,56,186,188,539,134
1227,Jondal,2009,76,88,269,80,98,88,272,51,174,176,541,131
1227,Jondal,2010,76,90,278,73,97,90,284,48,173,180,562,121
1227,Jondal,2011,77,90,276,77,99,88,284,50,176,178,560,127
1227,Jondal,2012,73,97,278,75,101,91,289,46,174,188,567,121
1227,Jondal,2013,71,98,280,68,99,85,301,44,170,183,581,112
1227,Jondal,2014,77,113,288,67,97,97,309,46,174,210,597,113
1228,Odda,1999,701,659,2028,564,716,736,2040,290,1417,1395,4068,854
1228,Odda,2000,704,657,2000,580,720,727,2049,290,1424,1384,4049,870
1228,Odda,2001,685,642,1986,574,720,707,2021,298,1405,1349,4007,872
1228,Odda,2002,686,630,1977,566,722,692,1996,306,1408,1322,3973,872
1228,Odda,2003,678,609,1971,583,708,674,1986,304,1386,1283,3957,887
1228,Odda,2004,666,598,1977,579,710,643,1992,303,1376,1241,3969,882
1228,Odda,2005,646,570,1958,577,679,649,1984,315,1325,1219,3942,892
1228,Odda,2006,612,568,1926,574,656,622,1968,321,1268,1190,3894,895
1228,Odda,2007,587,570,1899,570,629,623,1959,317,1216,1193,3858,887
1228,Odda,2008,609,561,1880,554,620,624,1944,315,1229,1185,3824,869
1228,Odda,2009,587,580,1856,554,587,628,1959,303,1174,1208,3815,857
1228,Odda,2010,584,584,1880,524,596,611,1974,294,1180,1195,3854,818
1228,Odda,2011,555,589,1868,517,590,608,1975,283,1145,1197,3843,800
1228,Odda,2012,547,580,1868,520,564,618,1972,277,1111,1198,3840,797
1228,Odda,2013,533,617,1889,511,553,640,1959,286,1086,1257,3848,797
1228,Odda,2014,524,624,1886,511,556,653,1963,289,1080,1277,3849,800
1231,Ullensvang (1977-2019),1999,310,323,863,270,332,399,947,152,642,722,1810,422
1231,Ullensvang (1977-2019),2000,309,311,870,265,332,371,949,155,641,682,1819,420
1231,Ullensvang (1977-2019),2001,336,308,878,267,338,366,965,150,674,674,1843,417
1231,Ullensvang (1977-2019),2002,337,304,879,255,324,334,980,147,661,638,1859,402
1231,Ullensvang (1977-2019),2003,328,295,874,261,324,328,985,144,652,623,1859,405
1231,Ullensvang (1977-2019),2004,339,270,885,248,307,321,997,146,646,591,1882,394
1231,Ullensvang (1977-2019),2005,340,262,891,250,309,324,993,148,649,586,1884,398
1231,Ullensvang (1977-2019),2006,322,263,889,246,307,308,998,139,629,571,1887,385
1231,Ullensvang (1977-2019),2007,317,252,886,242,294,303,977,145,611,555,1863,387
1231,Ullensvang (1977-2019),2008,317,268,890,230,286,309,975,140,603,577,1865,370
1231,Ullensvang (1977-2019),2009,294,256,884,228,287,305,957,140,581,561,1841,368
1231,Ullensvang (1977-2019),2010,291,259,903,218,295,303,964,149,586,562,1867,367
1231,Ullensvang (1977-2019),2011,297,282,910,210,290,294,969,153,587,576,1879,363
1231,Ullensvang (1977-2019),2012,283,279,924,204,293,299,979,156,576,578,1903,360
1231,Ullensvang (1977-2019),2013,298,269,925,194,303,274,980,160,601,543,1905,354
1231,Ullensvang (1977-2019),2014,290,267,909,198,293,285,962,165,583,552,1871,363
1232,Eidfjord,1999,110,84,260,72,115,88,249,38,225,172,509,110
1232,Eidfjord,2000,117,82,265,67,127,87,254,38,244,169,519,105
1232,Eidfjord,2001,101,85,259,67,119,86,243,41,220,171,502,108
1232,Eidfjord,2002,95,73,259,67,106,79,239,41,201,152,498,108
1232,Eidfjord,2003,83,76,246,63,92,79,240,36,175,155,486,99
1232,Eidfjord,2004,77,82,244,64,88,80,243,38,165,162,487,102
1232,Eidfjord,2005,73,84,250,60,83,84,247,33,156,168,497,93
1232,Eidfjord,2006,64,80,252,60,74,90,249,30,138,170,501,90
1232,Eidfjord,2007,67,82,253,61,73,91,260,28,140,173,513,89
1232,Eidfjord,2008,71,83,254,67,73,88,271,26,144,171,525,93
1232,Eidfjord,2009,82,79,259,60,73,88,274,30,155,167,533,90
1232,Eidfjord,2010,76,85,262,60,73,92,282,28,149,177,544,88
1232,Eidfjord,2011,77,80,265,58,75,94,282,28,152,174,547,86
1232,Eidfjord,2012,79,83,263,58,72,97,275,30,151,180,538,88
1232,Eidfjord,2013,80,83,263,59,75,92,268,32,155,175,531,91
1232,Eidfjord,2014,73,86,262,62,75,93,266,33,148,179,528,95
1233,Ulvik,1999,120,97,309,97,127,111,318,52,247,208,627,149
1233,Ulvik,2000,114,98,308,98,126,106,321,51,240,204,629,149
1233,Ulvik,2001,111,94,300,99,127,101,320,58,238,195,620,157
1233,Ulvik,2002,106,92,295,99,130,99,326,54,236,191,621,153
1233,Ulvik,2003,103,86,298,93,119,94,325,53,222,180,623,146
1233,Ulvik,2004,111,79,292,93,120,98,329,53,231,177,621,146
1233,Ulvik,2005,110,80,286,96,120,94,324,53,230,174,610,149
1233,Ulvik,2006,104,81,289,90,115,90,317,56,219,171,606,146
1233,Ulvik,2007,100,76,293,92,112,93,314,57,212,169,607,149
1233,Ulvik,2008,86,80,284,90,108,89,317,53,194,169,601,143
1233,Ulvik,2009,87,73,283,92,101,85,321,53,188,158,604,145
1233,Ulvik,2010,88,86,290,87,102,90,333,53,190,176,623,140
1233,Ulvik,2011,90,84,289,82,92,95,332,54,182,179,621,136
1233,Ulvik,2012,81,89,297,72,92,101,326,54,173,190,623,126
1233,Ulvik,2013,78,83,297,72,97,105,329,52,175,188,626,124
1233,Ulvik,2014,78,86,292,72,96,95,325,50,174,181,617,122
1234,Granvin,1999,90,86,247,77,115,103,269,54,205,189,516,131
1234,Granvin,2000,87,91,246,79,114,106,267,54,201,197,513,133
1234,Granvin,2001,87,88,245,78,110,109,266,54,197,197,511,132
1234,Granvin,2002,85,92,251,79,113,114,261,56,198,206,512,135
1234,Granvin,2003,86,89,248,76,112,108,266,52,198,197,514,128
1234,Granvin,2004,85,89,251,73,105,99,268,51,190,188,519,124
1234,Granvin,2005,82,89,241,80,95,104,266,51,177,193,507,131
1234,Granvin,2006,79,81,244,73,88,108,262,51,167,189,506,124
1234,Granvin,2007,79,86,242,70,86,107,260,47,165,193,502,117
1234,Granvin,2008,76,89,239,67,81,107,257,48,157,196,496,115
1234,Granvin,2009,67,91,237,65,86,102,257,45,153,193,494,110
1234,Granvin,2010,65,87,243,62,84,101,262,43,149,188,505,105
1234,Granvin,2011,61,92,246,62,87,99,261,39,148,191,507,101
1234,Granvin,2012,55,92,239,63,81,101,259,33,136,193,498,96
1234,Granvin,2013,57,86,232,63,73,104,258,31,130,190,490,94
1234,Granvin,2014,62,88,236,60,64,101,267,33,126,189,503,93
1235,Voss,1999,1306,1286,3503,876,1334,1301,3559,520,2640,2587,7062,1396
1235,Voss,2000,1325,1279,3527,888,1336,1279,3557,535,2661,2558,7084,1423
1235,Voss,2001,1333,1255,3560,879,1334,1265,3629,541,2667,2520,7189,1420
1235,Voss,2002,1321,1223,3553,888,1342,1257,3613,554,2663,2480,7166,1442
1235,Voss,2003,1318,1245,3561,885,1351,1266,3635,560,2669,2511,7196,1445
1235,Voss,2004,1305,1244,3562,890,1334,1248,3629,559,2639,2492,7191,1449
1235,Voss,2005,1328,1211,3599,883,1354,1244,3662,569,2682,2455,7261,1452
1235,Voss,2006,1296,1230,3600,879,1316,1247,3689,573,2612,2477,7289,1452
1235,Voss,2007,1276,1228,3576,897,1312,1264,3649,584,2588,2492,7225,1481
1235,Voss,2008,1267,1206,3579,907,1297,1287,3645,580,2564,2493,7224,1487
1235,Voss,2009,1263,1242,3612,918,1302,1293,3666,572,2565,2535,7278,1490
1235,Voss,2010,1270,1234,3640,912,1283,1302,3698,563,2553,2536,7338,1475
1235,Voss,2011,1263,1239,3669,913,1274,1321,3722,556,2537,2560,7391,1469
1235,Voss,2012,1277,1270,3658,895,1267,1334,3725,552,2544,2604,7383,1447
1235,Voss,2013,1258,1277,3687,876,1293,1338,3775,557,2551,2615,7462,1433
1235,Voss,2014,1227,1286,3714,869,1305,1378,3810,579,2532,2664,7524,1448
1238,Kvam,1999,878,756,2072,560,875,932,2124,368,1753,1688,4196,928
1238,Kvam,2000,866,745,2090,570,894,912,2147,368,1760,1657,4237,938
1238,Kvam,2001,865,756,2101,562,907,914,2135,359,1772,1670,4236,921
1238,Kvam,2002,849,743,2100,557,902,875,2129,361,1751,1618,4229,918
1238,Kvam,2003,841,747,2100,559,875,856,2136,353,1716,1603,4236,912
1238,Kvam,2004,818,737,2104,558,849,829,2140,354,1667,1566,4244,912
1238,Kvam,2005,800,743,2087,553,838,830,2141,342,1638,1573,4228,895
1238,Kvam,2006,773,747,2086,564,827,810,2155,344,1600,1557,4241,908
1238,Kvam,2007,758,716,2085,555,791,843,2132,350,1549,1559,4217,905
1238,Kvam,2008,739,704,2099,544,785,825,2179,335,1524,1529,4278,879
1238,Kvam,2009,744,733,2136,536,779,850,2227,333,1523,1583,4363,869
1238,Kvam,2010,735,742,2148,520,772,841,2276,326,1507,1583,4424,846
1238,Kvam,2011,742,762,2169,522,774,853,2296,324,1516,1615,4465,846
1238,Kvam,2012,740,769,2154,513,777,873,2372,324,1517,1642,4526,837
1238,Kvam,2013,732,768,2159,516,777,877,2435,320,1509,1645,4594,836
1238,Kvam,2014,725,780,2151,524,799,869,2413,323,1524,1649,4564,847
1241,Fusa,1999,334,343,854,242,380,391,945,150,714,734,1799,392
1241,Fusa,2000,343,334,872,243,395,386,961,150,738,720,1833,393
1241,Fusa,2001,347,331,895,235,412,393,971,151,759,724,1866,386
1241,Fusa,2002,346,330,903,232,410,379,977,146,756,709,1880,378
1241,Fusa,2003,347,319,930,225,419,357,1006,148,766,676,1936,373
1241,Fusa,2004,372,312,933,219,402,329,1014,147,774,641,1947,366
1241,Fusa,2005,376,312,928,213,406,315,1017,142,782,627,1945,355
1241,Fusa,2006,384,305,930,225,399,320,1022,146,783,625,1952,371
1241,Fusa,2007,390,304,935,226,398,320,1029,147,788,624,1964,373
1241,Fusa,2008,398,302,935,222,400,324,1032,146,798,626,1967,368
1241,Fusa,2009,405,288,947,219,384,357,1033,158,789,645,1980,377
1241,Fusa,2010,396,299,948,225,383,362,1057,153,779,661,2005,378
1241,Fusa,2011,397,304,952,226,383,357,1083,149,780,661,2035,375
1241,Fusa,2012,394,297,961,228,367,342,1074,148,761,639,2035,376
1241,Fusa,2013,388,292,965,225,375,335,1090,148,763,627,2055,373
1241,Fusa,2014,384,295,975,217,377,333,1107,141,761,628,2082,358
1242,Samnanger,1999,234,212,571,143,221,264,590,87,455,476,1161,230
1242,Samnanger,2000,226,210,566,146,216,242,589,87,442,452,1155,233
1242,Samnanger,2001,230,218,565,147,218,241,596,88,448,459,1161,235
1242,Samnanger,2002,227,231,567,158,226,233,615,86,453,464,1182,244
1242,Samnanger,2003,219,239,568,159,222,231,616,86,441,470,1184,245
1242,Samnanger,2004,202,236,578,152,222,221,634,86,424,457,1212,238
1242,Samnanger,2005,197,237,577,150,216,229,632,84,413,466,1209,234
1242,Samnanger,2006,199,242,582,145,222,223,641,87,421,465,1223,232
1242,Samnanger,2007,193,242,598,136,225,221,651,87,418,463,1249,223
1242,Samnanger,2008,201,229,617,136,238,220,668,87,439,449,1285,223
1242,Samnanger,2009,204,218,612,139,241,216,663,86,445,434,1275,225
1242,Samnanger,2010,213,217,615,135,234,215,661,85,447,432,1276,220
1242,Samnanger,2011,210,213,623,134,234,210,686,84,444,423,1309,218
1242,Samnanger,2012,198,219,628,135,232,219,706,80,430,438,1334,215
1242,Samnanger,2013,208,214,637,131,230,217,720,77,438,431,1357,208
1242,Samnanger,2014,206,215,645,125,225,211,735,74,431,426,1380,199
1243,Os (Hordaland),1999,1528,1455,3422,447,1638,1487,3478,303,3166,2942,6900,750
1243,Os (Hordaland),2000,1547,1454,3457,468,1664,1484,3526,296,3211,2938,6983,764
1243,Os (Hordaland),2001,1551,1414,3519,459,1677,1449,3603,300,3228,2863,7122,759
1243,Os (Hordaland),2002,1560,1417,3570,456,1674,1441,3671,314,3234,2858,7241,770
1243,Os (Hordaland),2003,1566,1434,3657,467,1691,1463,3732,318,3257,2897,7389,785
1243,Os (Hordaland),2004,1596,1453,3749,468,1711,1474,3839,321,3307,2927,7588,789
1243,Os (Hordaland),2005,1608,1448,3841,479,1744,1516,3942,330,3352,2964,7783,809
1243,Os (Hordaland),2006,1614,1501,3941,490,1784,1542,4053,335,3398,3043,7994,825
1243,Os (Hordaland),2007,1666,1530,4030,492,1791,1621,4122,343,3457,3151,8152,835
1243,Os (Hordaland),2008,1681,1589,4151,501,1824,1691,4265,353,3505,3280,8416,854
1243,Os (Hordaland),2009,1745,1588,4268,505,1891,1697,4396,347,3636,3285,8664,852
1243,Os (Hordaland),2010,1789,1592,4358,511,1884,1734,4469,347,3673,3326,8827,858
1243,Os (Hordaland),2011,1853,1655,4479,505,1928,1809,4623,358,3781,3464,9102,863
1243,Os (Hordaland),2012,1918,1690,4604,535,1977,1853,4781,368,3895,3543,9385,903
1243,Os (Hordaland),2013,1947,1714,4726,546,2003,1857,4960,389,3950,3571,9686,935
1243,Os (Hordaland),2014,2009,1753,4882,562,2081,1901,5086,404,4090,3654,9968,966
1244,Austevoll,1999,521,463,973,213,515,488,1070,135,1036,951,2043,348
1244,Austevoll,2000,521,450,980,219,516,517,1074,129,1037,967,2054,348
1244,Austevoll,2001,533,426,1012,222,521,508,1089,135,1054,934,2101,357
1244,Austevoll,2002,530,444,1009,224,531,497,1095,130,1061,941,2104,354
1244,Austevoll,2003,505,445,1008,229,535,487,1102,128,1040,932,2110,357
1244,Austevoll,2004,504,437,1037,222,548,489,1119,131,1052,926,2156,353
1244,Austevoll,2005,500,437,1044,211,525,474,1134,126,1025,911,2178,337
1244,Austevoll,2006,481,422,1040,214,505,459,1150,120,986,881,2190,334
1244,Austevoll,2007,470,439,1044,214,497,452,1150,123,967,891,2194,337
1244,Austevoll,2008,451,446,1058,207,491,455,1157,125,942,901,2215,332
1244,Austevoll,2009,444,455,1051,209,495,466,1160,137,939,921,2211,346
1244,Austevoll,2010,448,486,1086,199,521,476,1213,142,969,962,2299,341
1244,Austevoll,2011,465,489,1120,197,512,505,1247,145,977,994,2367,342
1244,Austevoll,2012,494,477,1151,197,515,528,1290,140,1009,1005,2441,337
1244,Austevoll,2013,509,464,1164,198,536,502,1326,139,1045,966,2490,337
1244,Austevoll,2014,511,466,1184,203,540,495,1381,144,1051,961,2565,347
1245,Sund,1999,535,502,1223,212,592,605,1310,130,1127,1107,2533,342
1245,Sund,2000,528,503,1241,216,584,625,1335,128,1112,1128,2576,344
1245,Sund,2001,542,495,1251,220,566,625,1355,131,1108,1120,2606,351
1245,Sund,2002,555,509,1272,215,560,628,1378,133,1115,1137,2650,348
1245,Sund,2003,560,521,1310,206,574,625,1422,127,1134,1146,2732,333
1245,Sund,2004,566,533,1337,209,581,618,1470,121,1147,1151,2807,330
1245,Sund,2005,572,545,1387,200,596,613,1503,121,1168,1158,2890,321
1245,Sund,2006,591,537,1412,194,599,608,1521,122,1190,1145,2933,316
1245,Sund,2007,590,554,1434,190,610,620,1547,125,1200,1174,2981,315
1245,Sund,2008,599,573,1461,197,616,633,1597,119,1215,1206,3058,316
1245,Sund,2009,602,562,1506,189,633,637,1646,124,1235,1199,3152,313
1245,Sund,2010,624,582,1528,194,664,674,1675,138,1288,1256,3203,332
1245,Sund,2011,646,613,1583,201,714,651,1724,133,1360,1264,3307,334
1245,Sund,2012,670,613,1623,198,725,669,1770,141,1395,1282,3393,339
1245,Sund,2013,689,595,1670,189,756,670,1805,140,1445,1265,3475,329
1245,Sund,2014,707,590,1710,189,764,672,1858,145,1471,1262,3568,334
1246,Fjell,1999,2260,1913,4159,459,2300,2021,4426,265,4560,3934,8585,724
1246,Fjell,2000,2343,1882,4322,459,2364,1973,4571,264,4707,3855,8893,723
1246,Fjell,2001,2383,1855,4468,463,2479,1900,4721,272,4862,3755,9189,735
1246,Fjell,2002,2453,1856,4610,469,2557,1877,4828,277,5010,3733,9438,746
1246,Fjell,2003,2523,1872,4736,479,2567,1877,4953,287,5090,3749,9689,766
1246,Fjell,2004,2552,1874,4867,483,2601,1862,5077,297,5153,3736,9944,780
1246,Fjell,2005,2530,1950,5006,498,2665,1887,5204,303,5195,3837,10210,801
1246,Fjell,2006,2548,1958,5164,508,2656,1927,5315,316,5204,3885,10479,824
1246,Fjell,2007,2573,1989,5319,500,2662,1946,5458,344,5235,3935,10777,844
1246,Fjell,2008,2593,2042,5437,506,2683,2027,5584,335,5276,4069,11021,841
1246,Fjell,2009,2624,2046,5533,523,2671,2076,5684,350,5295,4122,11217,873
1246,Fjell,2010,2593,2091,5680,513,2649,2145,5793,359,5242,4236,11473,872
1246,Fjell,2011,2595,2149,5775,525,2609,2251,5954,362,5204,4400,11729,887
1246,Fjell,2012,2589,2232,5919,535,2616,2331,6126,372,5205,4563,12045,907
1246,Fjell,2013,2578,2346,6045,533,2606,2472,6324,373,5184,4818,12369,906
1246,Fjell,2014,2587,2408,6184,559,2627,2550,6539,398,5214,4958,12723,957
1247,Askøy,1999,2079,2055,4827,699,2176,2193,5049,387,4255,4248,9876,1086
1247,Askøy,2000,2139,2050,4922,695,2208,2147,5160,406,4347,4197,10082,1101
1247,Askøy,2001,2201,2029,5076,703,2249,2129,5293,416,4450,4158,10369,1119
1247,Askøy,2002,2286,2033,5222,706,2383,2087,5436,422,4669,4120,10658,1128
1247,Askøy,2003,2350,2039,5356,715,2499,2064,5568,427,4849,4103,10924,1142
1247,Askøy,2004,2384,2072,5513,730,2586,2051,5751,435,4970,4123,11264,1165
1247,Askøy,2005,2484,2038,5696,731,2669,2039,5909,454,5153,4077,11605,1185
1247,Askøy,2006,2579,2039,5845,733,2747,2028,6071,454,5326,4067,11916,1187
1247,Askøy,2007,2635,2080,5991,746,2847,2071,6178,470,5482,4151,12169,1216
1247,Askøy,2008,2712,2153,6141,749,2937,2145,6408,460,5649,4298,12549,1209
1247,Askøy,2009,2777,2240,6314,753,3012,2239,6618,479,5789,4479,12932,1232
1247,Askøy,2010,2849,2281,6486,759,3040,2297,6791,490,5889,4578,13277,1249
1247,Askøy,2011,2905,2320,6690,753,3114,2345,6983,492,6019,4665,13673,1245
1247,Askøy,2012,2990,2381,6788,776,3135,2458,7159,523,6125,4839,13947,1299
1247,Askøy,2013,3027,2416,6998,767,3190,2525,7355,553,6217,4941,14353,1320
1247,Askøy,2014,3078,2470,7148,790,3223,2537,7532,568,6301,5007,14680,1358
1251,Vaksdal,1999,393,345,1069,325,413,352,1126,185,806,697,2195,510
1251,Vaksdal,2000,389,339,1074,317,402,358,1129,184,791,697,2203,501
1251,Vaksdal,2001,398,333,1065,323,407,365,1120,192,805,698,2185,515
1251,Vaksdal,2002,405,328,1057,324,399,359,1119,196,804,687,2176,520
1251,Vaksdal,2003,396,326,1036,326,406,346,1120,195,802,672,2156,521
1251,Vaksdal,2004,390,328,1046,333,402,360,1121,193,792,688,2167,526
1251,Vaksdal,2005,392,339,1038,333,383,372,1096,201,775,711,2134,534
1251,Vaksdal,2006,378,352,1005,336,382,367,1089,209,760,719,2094,545
1251,Vaksdal,2007,380,343,1012,340,377,362,1082,198,757,705,2094,538
1251,Vaksdal,2008,385,361,1009,333,379,368,1074,197,764,729,2083,530
1251,Vaksdal,2009,376,374,1018,319,375,379,1070,199,751,753,2088,518
1251,Vaksdal,2010,366,374,1008,322,374,388,1083,192,740,762,2091,514
1251,Vaksdal,2011,379,376,1025,321,378,388,1096,190,757,764,2121,511
1251,Vaksdal,2012,369,384,1019,318,369,388,1105,186,738,772,2124,504
1251,Vaksdal,2013,372,376,1024,311,351,396,1113,189,723,772,2137,500
1251,Vaksdal,2014,361,380,1027,303,345,383,1145,196,706,763,2172,499
1252,Modalen,1999,40,35,79,17,35,37,89,14,75,72,168,31
1252,Modalen,2000,45,37,80,16,34,38,89,15,79,75,169,31
1252,Modalen,2001,45,38,79,15,31,41,90,16,76,79,169,31
1252,Modalen,2002,43,35,82,13,29,39,88,16,72,74,170,29
1252,Modalen,2003,40,35,83,12,31,46,83,16,71,81,166,28
1252,Modalen,2004,40,41,88,12,33,45,91,16,73,86,179,28
1252,Modalen,2005,43,39,87,13,35,39,90,15,78,78,177,28
1252,Modalen,2006,41,35,87,11,39,38,89,14,80,73,176,25
1252,Modalen,2007,42,35,88,12,37,40,88,14,79,75,176,26
1252,Modalen,2008,39,41,88,11,39,39,91,12,78,80,179,23
1252,Modalen,2009,39,39,89,10,35,37,92,10,74,76,181,20
1252,Modalen,2010,40,36,86,12,31,37,93,9,71,73,179,21
1252,Modalen,2011,45,36,92,15,31,41,99,11,76,77,191,26
1252,Modalen,2012,43,36,94,16,31,37,98,15,74,73,192,31
1252,Modalen,2013,47,32,100,16,34,37,103,14,81,69,203,30
1252,Modalen,2014,48,28,95,17,32,33,104,15,80,61,199,32
1253,Osterøy,1999,817,670,1605,377,822,784,1729,244,1639,1454,3334,621
1253,Osterøy,2000,794,649,1621,379,820,752,1740,251,1614,1401,3361,630
1253,Osterøy,2001,792,663,1624,384,832,742,1776,250,1624,1405,3400,634
1253,Osterøy,2002,801,663,1660,370,827,732,1799,252,1628,1395,3459,622
1253,Osterøy,2003,797,659,1686,374,830,724,1820,250,1627,1383,3506,624
1253,Osterøy,2004,776,680,1714,369,831,706,1854,244,1607,1386,3568,613
1253,Osterøy,2005,772,678,1719,377,819,698,1890,254,1591,1376,3609,631
1253,Osterøy,2006,755,683,1757,378,794,697,1901,259,1549,1380,3658,637
1253,Osterøy,2007,744,656,1772,363,782,693,1922,254,1526,1349,3694,617
1253,Osterøy,2008,738,671,1798,373,796,718,1950,261,1534,1389,3748,634
1253,Osterøy,2009,725,682,1823,365,783,738,1971,265,1508,1420,3794,630
1253,Osterøy,2010,732,687,1828,368,788,752,1998,268,1520,1439,3826,636
1253,Osterøy,2011,729,682,1855,363,777,760,2026,273,1506,1442,3881,636
1253,Osterøy,2012,717,705,1885,340,776,755,2073,270,1493,1460,3958,610
1253,Osterøy,2013,724,763,1926,335,774,774,2107,271,1498,1537,4033,606
1253,Osterøy,2014,731,770,1962,326,778,797,2151,271,1509,1567,4113,597
1256,Meland,1999,657,544,1238,181,658,564,1290,119,1315,1108,2528,300
1256,Meland,2000,665,559,1273,179,685,552,1327,113,1350,1111,2600,292
1256,Meland,2001,684,576,1302,185,709,552,1382,112,1393,1128,2684,297
1256,Meland,2002,685,572,1345,193,701,543,1421,117,1386,1115,2766,310
1256,Meland,2003,703,573,1396,195,710,545,1458,124,1413,1118,2854,319
1256,Meland,2004,697,550,1450,185,710,547,1506,122,1407,1097,2956,307
1256,Meland,2005,708,556,1493,187,713,535,1544,125,1421,1091,3037,312
1256,Meland,2006,701,554,1519,194,706,556,1577,124,1407,1110,3096,318
1256,Meland,2007,709,560,1555,193,706,550,1616,127,1415,1110,3171,320
1256,Meland,2008,731,581,1602,198,729,589,1669,134,1460,1170,3271,332
1256,Meland,2009,740,626,1685,201,743,615,1722,146,1483,1241,3407,347
1256,Meland,2010,753,644,1726,187,786,629,1758,148,1539,1273,3484,335
1256,Meland,2011,772,656,1784,189,811,652,1811,149,1583,1308,3595,338
1256,Meland,2012,775,688,1831,194,843,700,1846,159,1618,1388,3677,353
1256,Meland,2013,807,745,1890,203,878,737,1932,155,1685,1482,3822,358
1256,Meland,2014,823,756,1941,207,917,744,1998,158,1740,1500,3939,365
1259,Øygarden,1999,430,338,831,158,443,350,922,126,873,688,1753,284
1259,Øygarden,2000,423,341,829,169,433,356,939,133,856,697,1768,302
1259,Øygarden,2001,457,333,857,167,444,368,948,132,901,701,1805,299
1259,Øygarden,2002,460,343,883,172,459,375,954,140,919,718,1837,312
1259,Øygarden,2003,465,349,906,175,469,386,992,133,934,735,1898,308
1259,Øygarden,2004,469,368,928,176,457,397,1006,130,926,765,1934,306
1259,Øygarden,2005,462,384,950,185,457,386,1023,128,919,770,1973,313
1259,Øygarden,2006,469,393,974,188,488,399,1042,124,957,792,2016,312
1259,Øygarden,2007,461,397,1011,185,470,423,1073,114,931,820,2084,299
1259,Øygarden,2008,463,392,1050,179,464,410,1093,117,927,802,2143,296
1259,Øygarden,2009,457,399,1063,178,462,422,1113,129,919,821,2176,307
1259,Øygarden,2010,456,395,1078,181,460,433,1132,132,916,828,2210,313
1259,Øygarden,2011,445,405,1091,178,445,437,1164,135,890,842,2255,313
1259,Øygarden,2012,443,413,1138,176,443,456,1213,137,886,869,2351,313
1259,Øygarden,2013,463,427,1168,175,472,462,1260,136,935,889,2428,311
1259,Øygarden,2014,487,426,1199,172,487,478,1313,142,974,904,2512,314
1260,Radøy,1999,484,471,1056,276,469,476,1158,179,953,947,2214,455
1260,Radøy,2000,478,454,1069,288,464,480,1158,194,942,934,2227,482
1260,Radøy,2001,475,438,1082,286,463,468,1173,190,938,906,2255,476
1260,Radøy,2002,480,454,1092,279,480,464,1187,182,960,918,2279,461
1260,Radøy,2003,489,449,1119,271,478,453,1210,180,967,902,2329,451
1260,Radøy,2004,488,433,1143,265,483,457,1234,175,971,890,2377,440
1260,Radøy,2005,478,431,1153,259,485,440,1237,173,963,871,2390,432
1260,Radøy,2006,459,446,1148,249,459,460,1248,166,918,906,2396,415
1260,Radøy,2007,463,440,1169,251,453,464,1257,161,916,904,2426,412
1260,Radøy,2008,470,449,1200,244,473,466,1319,173,943,915,2519,417
1260,Radøy,2009,477,447,1206,239,474,488,1335,159,951,935,2541,398
1260,Radøy,2010,461,435,1230,239,472,462,1377,149,933,897,2607,388
1260,Radøy,2011,458,429,1275,236,479,454,1417,148,937,883,2692,384
1260,Radøy,2012,441,457,1280,232,480,476,1438,148,921,933,2718,380
1260,Radøy,2013,462,438,1296,234,481,486,1456,150,943,924,2752,384
1260,Radøy,2014,474,427,1318,230,487,487,1470,146,961,914,2788,376
1263,Lindås,1999,1250,1330,2997,561,1399,1473,3153,348,2649,2803,6150,909
1263,Lindås,2000,1252,1325,2998,569,1403,1405,3176,364,2655,2730,6174,933
1263,Lindås,2001,1275,1301,3039,565,1403,1382,3222,364,2678,2683,6261,929
1263,Lindås,2002,1301,1289,3091,551,1428,1340,3263,349,2729,2629,6354,900
1263,Lindås,2003,1309,1278,3146,553,1426,1328,3322,359,2735,2606,6468,912
1263,Lindås,2004,1324,1281,3191,553,1423,1322,3430,355,2747,2603,6621,908
1263,Lindås,2005,1381,1242,3270,559,1429,1328,3476,358,2810,2570,6746,917
1263,Lindås,2006,1410,1252,3362,561,1442,1353,3548,357,2852,2605,6910,918
1263,Lindås,2007,1450,1263,3451,557,1491,1371,3643,368,2941,2634,7094,925
1263,Lindås,2008,1453,1224,3522,558,1495,1387,3763,376,2948,2611,7285,934
1263,Lindås,2009,1467,1222,3613,559,1514,1386,3896,379,2981,2608,7509,938
1263,Lindås,2010,1482,1255,3674,563,1531,1390,4002,389,3013,2645,7676,952
1263,Lindås,2011,1489,1310,3737,556,1559,1393,4078,394,3048,2703,7815,950
1263,Lindås,2012,1515,1276,3829,553,1578,1403,4111,403,3093,2679,7940,956
1263,Lindås,2013,1535,1304,3899,549,1559,1404,4156,414,3094,2708,8055,963
1263,Lindås,2014,1539,1348,3966,559,1553,1447,4224,433,3092,2795,8190,992
1264,Austrheim,1999,254,246,623,124,259,276,693,72,513,522,1316,196
1264,Austrheim,2000,259,233,627,124,260,254,699,71,519,487,1326,195
1264,Austrheim,2001,253,213,639,129,259,247,712,70,512,460,1351,199
1264,Austrheim,2002,256,213,639,125,258,240,710,74,514,453,1349,199
1264,Austrheim,2003,248,229,633,120,264,238,713,74,512,467,1346,194
1264,Austrheim,2004,247,238,637,115,259,252,709,76,506,490,1346,191
1264,Austrheim,2005,250,232,638,115,258,248,708,78,508,480,1346,193
1264,Austrheim,2006,238,215,647,108,252,236,712,77,490,451,1359,185
1264,Austrheim,2007,236,212,669,107,256,235,732,73,492,447,1401,180
1264,Austrheim,2008,234,213,689,113,256,224,770,70,490,437,1459,183
1264,Austrheim,2009,233,219,684,115,240,234,779,72,473,453,1463,187
1264,Austrheim,2010,233,234,709,116,250,263,856,77,483,497,1565,193
1264,Austrheim,2011,238,239,722,118,264,254,880,74,502,493,1602,192
1264,Austrheim,2012,239,238,737,117,240,263,870,72,479,501,1607,189
1264,Austrheim,2013,246,250,750,108,258,264,885,72,504,514,1635,180
1264,Austrheim,2014,243,246,764,107,260,256,876,81,503,502,1640,188
1265,Fedje,1999,61,57,163,52,57,64,180,31,118,121,343,83
1265,Fedje,2000,66,54,168,50,61,62,188,33,127,116,356,83
1265,Fedje,2001,69,63,163,49,62,61,190,31,131,124,353,80
1265,Fedje,2002,69,61,160,52,58,64,188,33,127,125,348,85
1265,Fedje,2003,64,58,161,53,60,60,186,30,124,118,347,83
1265,Fedje,2004,60,56,162,50,63,57,181,30,123,113,343,80
1265,Fedje,2005,71,54,159,50,61,56,179,31,132,110,338,81
1265,Fedje,2006,62,58,153,52,56,56,172,29,118,114,325,81
1265,Fedje,2007,58,51,154,52,53,56,164,32,111,107,318,84
1265,Fedje,2008,57,47,147,49,50,54,160,32,107,101,307,81
1265,Fedje,2009,58,45,141,53,52,52,162,33,110,97,303,86
1265,Fedje,2010,59,38,150,51,52,51,160,33,111,89,310,84
1265,Fedje,2011,55,36,152,53,47,54,156,34,102,90,308,87
1265,Fedje,2012,54,42,148,52,43,43,160,34,97,85,308,86
1265,Fedje,2013,57,41,147,46,45,43,159,31,102,84,306,77
1265,Fedje,2014,58,38,151,43,37,47,159,28,95,85,310,71
1266,Masfjorden,1999,194,161,415,115,196,157,455,88,390,318,870,203
1266,Masfjorden,2000,193,161,417,110,194,156,453,90,387,317,870,200
1266,Masfjorden,2001,199,160,424,104,186,158,447,83,385,318,871,187
1266,Masfjorden,2002,190,162,427,101,185,163,452,83,375,325,879,184
1266,Masfjorden,2003,187,153,431,99,168,164,452,84,355,317,883,183
1266,Masfjorden,2004,172,141,440,97,166,161,450,85,338,302,890,182
1266,Masfjorden,2005,160,144,436,99,157,161,453,83,317,305,889,182
1266,Masfjorden,2006,159,146,433,102,155,160,454,84,314,306,887,186
1266,Masfjorden,2007,139,143,415,105,147,153,447,82,286,296,862,187
1266,Masfjorden,2008,140,143,420,105,155,163,432,88,295,306,852,193
1266,Masfjorden,2009,144,150,417,112,155,156,431,87,299,306,848,199
1266,Masfjorden,2010,133,147,413,116,157,156,430,83,290,303,843,199
1266,Masfjorden,2011,134,158,420,119,160,155,441,85,294,313,861,204
1266,Masfjorden,2012,131,162,422,114,153,166,453,82,284,328,875,196
1266,Masfjorden,2013,137,151,429,111,156,169,463,80,293,320,892,191
1266,Masfjorden,2014,142,148,425,118,149,163,461,87,291,311,886,205
1401,Flora,1999,1203,1173,2578,436,1336,1210,2901,293,2539,2383,5479,729
1401,Flora,2000,1225,1149,2628,446,1346,1198,2930,304,2571,2347,5558,750
1401,Flora,2001,1205,1148,2664,446,1371,1173,2987,304,2576,2321,5651,750
1401,Flora,2002,1236,1103,2697,436,1368,1126,3051,306,2604,2229,5748,742
1401,Flora,2003,1234,1083,2745,437,1377,1108,3110,298,2611,2191,5855,735
1401,Flora,2004,1226,1074,2780,438,1357,1104,3053,299,2583,2178,5833,737
1401,Flora,2005,1203,1076,2805,448,1358,1100,3083,291,2561,2176,5888,739
1401,Flora,2006,1190,1080,2842,466,1339,1084,3105,304,2529,2164,5947,770
1401,Flora,2007,1188,1042,2859,466,1292,1102,3079,313,2480,2144,5938,779
1401,Flora,2008,1215,1058,2865,459,1290,1128,3088,305,2505,2186,5953,764
1401,Flora,2009,1212,1037,2881,462,1274,1150,3114,318,2486,2187,5995,780
1401,Flora,2010,1196,1037,2918,455,1237,1217,3214,312,2433,2254,6132,767
1401,Flora,2011,1181,1064,2936,451,1215,1233,3195,313,2396,2297,6131,764
1401,Flora,2012,1152,1102,2959,447,1212,1248,3222,312,2364,2350,6181,759
1401,Flora,2013,1152,1118,2982,443,1203,1232,3256,311,2355,2350,6238,754
1401,Flora,2014,1142,1137,3019,446,1176,1256,3290,313,2318,2393,6309,759
1411,Gulen,1999,249,234,561,196,267,234,645,117,516,468,1206,313
1411,Gulen,2000,254,226,558,190,267,228,652,114,521,454,1210,304
1411,Gulen,2001,254,217,566,185,262,237,641,111,516,454,1207,296
1411,Gulen,2002,253,218,570,186,268,233,631,114,521,451,1201,300
1411,Gulen,2003,254,203,579,176,251,242,641,104,505,445,1220,280
1411,Gulen,2004,271,204,587,161,253,229,651,106,524,433,1238,267
1411,Gulen,2005,264,204,605,157,255,212,660,102,519,416,1265,259
1411,Gulen,2006,252,199,602,154,239,218,657,96,491,417,1259,250
1411,Gulen,2007,243,190,608,158,229,228,658,92,472,418,1266,250
1411,Gulen,2008,233,194,591,155,222,221,650,90,455,415,1241,245
1411,Gulen,2009,223,188,573,152,201,225,630,91,424,413,1203,243
1411,Gulen,2010,212,202,588,148,199,221,644,88,411,423,1232,236
1411,Gulen,2011,208,204,591,149,186,226,650,85,394,430,1241,234
1411,Gulen,2012,208,211,594,149,190,221,654,83,398,432,1248,232
1411,Gulen,2013,200,215,598,149,187,211,656,89,387,426,1254,238
1411,Gulen,2014,188,225,608,144,189,210,656,95,377,435,1264,239
1412,Solund,1999,77,73,229,74,109,99,260,64,186,172,489,138
1412,Solund,2000,70,77,229,68,104,97,256,58,174,174,485,126
1412,Solund,2001,71,70,222,70,96,98,257,53,167,168,479,123
1412,Solund,2002,71,65,227,65,86,101,254,52,157,166,481,117
1412,Solund,2003,73,65,217,64,88,92,252,53,161,157,469,117
1412,Solund,2004,77,65,217,63,81,100,247,49,158,165,464,112
1412,Solund,2005,65,62,217,61,76,94,255,45,141,156,472,106
1412,Solund,2006,71,61,216,66,70,99,248,46,141,160,464,112
1412,Solund,2007,76,54,215,68,69,93,252,44,145,147,467,112
1412,Solund,2008,78,60,224,60,65,90,254,43,143,150,478,103
1412,Solund,2009,76,58,224,57,70,87,263,41,146,145,487,98
1412,Solund,2010,72,61,226,54,68,84,266,36,140,145,492,90
1412,Solund,2011,65,66,224,52,71,76,269,39,136,142,493,91
1412,Solund,2012,65,63,224,49,66,74,271,39,131,137,495,88
1412,Solund,2013,61,59,228,51,62,75,266,40,123,134,494,91
1412,Solund,2014,62,56,225,48,52,68,263,41,114,124,488,89
1413,Hyllestad,1999,139,130,371,113,161,154,423,95,300,284,794,208
1413,Hyllestad,2000,138,129,371,106,158,148,417,87,296,277,788,193
1413,Hyllestad,2001,146,132,371,103,167,143,414,82,313,275,785,185
1413,Hyllestad,2002,144,117,376,95,159,143,417,77,303,260,793,172
1413,Hyllestad,2003,148,113,389,89,161,140,424,73,309,253,813,162
1413,Hyllestad,2004,155,108,389,86,156,153,442,68,311,261,831,154
1413,Hyllestad,2005,148,101,387,91,147,146,439,67,295,247,826,158
1413,Hyllestad,2006,148,92,387,92,150,133,441,59,298,225,828,151
1413,Hyllestad,2007,146,97,385,90,142,135,437,60,288,232,822,150
1413,Hyllestad,2008,153,100,388,85,135,143,443,58,288,243,831,143
1413,Hyllestad,2009,141,93,387,87,132,139,438,57,273,232,825,144
1413,Hyllestad,2010,136,92,389,89,127,142,472,55,263,234,861,144
1413,Hyllestad,2011,130,94,386,89,123,134,468,59,253,228,854,148
1413,Hyllestad,2012,125,91,382,94,117,129,465,58,242,220,847,152
1413,Hyllestad,2013,123,94,383,88,106,119,456,59,229,213,839,147
1413,Hyllestad,2014,115,90,379,86,98,125,441,57,213,215,820,143
1416,Høyanger,1999,433,451,1076,345,493,423,1253,219,926,874,2329,564
1416,Høyanger,2000,437,445,1079,333,501,399,1274,209,938,844,2353,542
1416,Høyanger,2001,454,437,1091,328,483,384,1272,204,937,821,2363,532
1416,Høyanger,2002,455,403,1112,320,479,376,1282,205,934,779,2394,525
1416,Høyanger,2003,463,373,1119,308,482,370,1271,193,945,743,2390,501
1416,Høyanger,2004,448,379,1110,312,484,355,1265,197,932,734,2375,509
1416,Høyanger,2005,444,375,1109,300,480,358,1242,194,924,733,2351,494
1416,Høyanger,2006,429,380,1109,287,464,352,1234,193,893,732,2343,480
1416,Høyanger,2007,415,375,1106,289,448,356,1240,191,863,731,2346,480
1416,Høyanger,2008,412,352,1109,278,438,349,1241,195,850,701,2350,473
1416,Høyanger,2009,405,351,1101,273,422,369,1223,183,827,720,2324,456
1416,Høyanger,2010,390,339,1095,267,398,381,1207,179,788,720,2302,446
1416,Høyanger,2011,390,357,1093,261,388,397,1216,178,778,754,2309,439
1416,Høyanger,2012,384,350,1087,264,378,390,1195,168,762,740,2282,432
1416,Høyanger,2013,381,340,1098,262,372,406,1186,177,753,746,2284,439
1416,Høyanger,2014,381,336,1085,256,358,405,1192,170,739,741,2277,426
1417,Vik,1999,307,235,725,233,279,270,780,154,586,505,1505,387
1417,Vik,2000,301,230,727,228,281,275,771,152,582,505,1498,380
1417,Vik,2001,302,221,719,233,265,275,774,154,567,496,1493,387
1417,Vik,2002,287,225,719,232,256,267,770,159,543,492,1489,391
1417,Vik,2003,268,244,715,227,246,280,762,159,514,524,1477,386
1417,Vik,2004,271,243,719,224,253,278,745,166,524,521,1464,390
1417,Vik,2005,276,236,707,224,249,279,742,168,525,515,1449,392
1417,Vik,2006,271,227,708,214,250,267,742,168,521,494,1450,382
1417,Vik,2007,250,240,708,219,245,264,745,164,495,504,1453,383
1417,Vik,2008,247,231,708,227,250,242,742,162,497,473,1450,389
1417,Vik,2009,237,231,698,229,251,238,744,152,488,469,1442,381
1417,Vik,2010,230,242,686,220,254,231,746,159,484,473,1432,379
1417,Vik,2011,222,244,687,226,249,237,742,151,471,481,1429,377
1417,Vik,2012,206,249,688,224,244,248,735,154,450,497,1423,378
1417,Vik,2013,214,241,691,220,241,237,746,141,455,478,1437,361
1417,Vik,2014,213,237,685,213,228,233,743,136,441,470,1428,349
1418,Balestrand,1999,187,182,418,149,200,166,431,84,387,348,849,233
1418,Balestrand,2000,164,144,351,121,180,135,364,54,344,279,715,175
1418,Balestrand,2001,157,156,353,117,177,132,388,50,334,288,741,167
1418,Balestrand,2002,149,153,363,109,165,131,382,54,314,284,745,163
1418,Balestrand,2003,156,137,368,103,169,124,393,55,325,261,761,158
1418,Balestrand,2004,157,122,368,94,169,114,379,59,326,236,747,153
1418,Balestrand,2005,146,126,357,93,165,118,371,55,311,244,728,148
1418,Balestrand,2006,140,121,359,91,157,122,368,48,297,243,727,139
1418,Balestrand,2007,132,128,357,96,148,122,366,50,280,250,723,146
1418,Balestrand,2008,126,124,352,92,146,115,362,48,272,239,714,140
1418,Balestrand,2009,122,122,345,90,137,122,358,52,259,244,703,142
1418,Balestrand,2010,118,122,349,88,125,126,365,51,243,248,714,139
1418,Balestrand,2011,109,130,354,82,119,126,375,48,228,256,729,130
1418,Balestrand,2012,109,130,362,78,120,119,378,42,229,249,740,120
1418,Balestrand,2013,106,128,368,74,112,126,381,42,218,254,749,116
1418,Balestrand,2014,101,123,361,78,107,125,369,42,208,248,730,120
1419,Leikanger,1999,203,208,571,127,232,204,573,80,435,412,1144,207
1419,Leikanger,2000,207,213,570,123,227,193,568,82,434,406,1138,205
1419,Leikanger,2001,205,208,577,118,231,196,572,81,436,404,1149,199
1419,Leikanger,2002,222,186,578,124,228,198,581,82,450,384,1159,206
1419,Leikanger,2003,210,193,567,132,231,211,570,79,441,404,1137,211
1419,Leikanger,2004,208,201,569,124,230,209,576,75,438,410,1145,199
1419,Leikanger,2005,212,200,578,129,224,218,581,67,436,418,1159,196
1419,Leikanger,2006,202,200,581,123,233,222,567,71,435,422,1148,194
1419,Leikanger,2007,208,200,580,122,232,219,570,68,440,419,1150,190
1419,Leikanger,2008,208,203,576,122,231,198,574,67,439,401,1150,189
1419,Leikanger,2009,202,194,578,122,228,176,588,68,430,370,1166,190
1419,Leikanger,2010,210,203,590,117,217,189,583,73,427,392,1173,190
1419,Leikanger,2011,218,206,605,114,213,202,594,73,431,408,1199,187
1419,Leikanger,2012,220,206,599,114,218,208,597,74,438,414,1196,188
1419,Leikanger,2013,218,218,611,108,230,199,599,72,448,417,1210,180
1419,Leikanger,2014,223,205,624,106,237,191,609,73,460,396,1233,179
1420,Sogndal,1999,634,643,1558,279,692,746,1574,150,1326,1389,3132,429
1420,Sogndal,2000,682,668,1649,314,740,759,1675,179,1422,1427,3324,493
1420,Sogndal,2001,669,652,1676,307,728,750,1685,180,1397,1402,3361,487
1420,Sogndal,2002,675,616,1689,301,719,717,1711,176,1394,1333,3400,477
1420,Sogndal,2003,697,603,1714,304,724,722,1738,178,1421,1325,3452,482
1420,Sogndal,2004,702,605,1716,297,742,721,1736,181,1444,1326,3452,478
1420,Sogndal,2005,714,624,1735,310,736,724,1770,181,1450,1348,3505,491
1420,Sogndal,2006,739,611,1753,305,715,725,1803,185,1454,1336,3556,490
1420,Sogndal,2007,700,632,1744,323,700,720,1813,190,1400,1352,3557,513
1420,Sogndal,2008,698,667,1759,326,717,724,1806,202,1415,1391,3565,528
1420,Sogndal,2009,685,695,1769,334,717,743,1824,201,1402,1438,3593,535
1420,Sogndal,2010,678,694,1805,332,712,776,1848,190,1390,1470,3653,522
1420,Sogndal,2011,680,740,1830,322,718,782,1907,181,1398,1522,3737,503
1420,Sogndal,2012,685,767,1864,326,725,835,1953,193,1410,1602,3817,519
1420,Sogndal,2013,677,812,1903,317,725,852,1989,202,1402,1664,3892,519
1420,Sogndal,2014,689,859,1929,323,701,880,2030,212,1390,1739,3959,535
1421,Aurland,1999,167,167,456,112,197,155,489,76,364,322,945,188
1421,Aurland,2000,173,169,464,108,197,156,492,74,370,325,956,182
1421,Aurland,2001,173,161,468,109,201,154,486,75,374,315,954,184
1421,Aurland,2002,167,158,468,100,199,153,485,77,366,311,953,177
1421,Aurland,2003,167,142,466,96,189,163,485,73,356,305,951,169
1421,Aurland,2004,176,140,473,96,183,168,492,75,359,308,965,171
1421,Aurland,2005,168,149,466,97,174,173,477,79,342,322,943,176
1421,Aurland,2006,157,136,459,99,164,170,471,77,321,306,930,176
1421,Aurland,2007,159,142,450,100,155,168,470,71,314,310,920,171
1421,Aurland,2008,153,144,438,105,144,170,472,69,297,314,910,174
1421,Aurland,2009,146,147,440,102,143,167,476,66,289,314,916,168
1421,Aurland,2010,146,154,441,100,140,160,474,67,286,314,915,167
1421,Aurland,2011,143,148,450,98,142,170,464,74,285,318,914,172
1421,Aurland,2012,137,158,456,95,136,179,482,69,273,337,938,164
1421,Aurland,2013,137,156,462,97,124,182,479,77,261,338,941,174
1421,Aurland,2014,137,153,462,101,123,176,486,77,260,329,948,178
1422,Lærdal,1999,215,180,554,165,239,215,561,89,454,395,1115,254
1422,Lærdal,2000,209,186,552,161,239,202,571,82,448,388,1123,243
1422,Lærdal,2001,200,194,557,156,244,197,569,84,444,391,1126,240
1422,Lærdal,2002,195,180,565,152,235,191,575,85,430,371,1140,237
1422,Lærdal,2003,193,175,568,148,244,191,579,82,437,366,1147,230
1422,Lærdal,2004,185,181,563,149,244,186,586,75,429,367,1149,224
1422,Lærdal,2005,189,179,559,156,235,181,586,73,424,360,1145,229
1422,Lærdal,2006,192,180,553,152,224,192,589,73,416,372,1142,225
1422,Lærdal,2007,191,179,561,146,225,186,594,71,416,365,1155,217
1422,Lærdal,2008,186,173,559,150,226,190,618,67,412,363,1177,217
1422,Lærdal,2009,201,168,566,156,218,201,619,70,419,369,1185,226
1422,Lærdal,2010,193,171,568,148,212,203,629,75,405,374,1197,223
1422,Lærdal,2011,186,194,578,142,217,205,627,75,403,399,1205,217
1422,Lærdal,2012,183,199,575,136,203,205,628,76,386,404,1203,212
1422,Lærdal,2013,173,186,578,128,196,205,631,79,369,391,1209,207
1422,Lærdal,2014,159,184,583,132,192,211,637,76,351,395,1220,208
1424,Årdal,1999,512,525,1555,258,548,559,1672,173,1060,1084,3227,431
1424,Årdal,2000,512,512,1560,265,553,525,1686,184,1065,1037,3246,449
1424,Årdal,2001,504,487,1554,275,554,505,1689,192,1058,992,3243,467
1424,Årdal,2002,495,471,1548,279,547,495,1680,194,1042,966,3228,473
1424,Årdal,2003,482,459,1540,290,533,490,1671,196,1015,949,3211,486
1424,Årdal,2004,483,444,1547,286,521,501,1645,204,1004,945,3192,490
1424,Årdal,2005,486,448,1549,295,512,488,1628,225,998,936,3177,520
1424,Årdal,2006,468,445,1535,294,515,474,1598,220,983,919,3133,514
1424,Årdal,2007,459,451,1516,305,504,464,1566,226,963,915,3082,531
1424,Årdal,2008,458,465,1508,318,508,490,1586,229,966,955,3094,547
1424,Årdal,2009,439,485,1483,330,506,494,1627,236,945,979,3110,566
1424,Årdal,2010,411,500,1491,341,491,505,1657,238,902,1005,3148,579
1424,Årdal,2011,421,481,1482,348,478,506,1648,237,899,987,3130,585
1424,Årdal,2012,410,470,1467,356,468,508,1654,239,878,978,3121,595
1424,Årdal,2013,410,461,1455,359,463,499,1639,235,873,960,3094,594
1424,Årdal,2014,399,447,1445,355,435,545,1635,235,834,992,3080,590
1426,Luster,1999,536,435,1177,374,550,444,1298,221,1086,879,2475,595
1426,Luster,2000,532,424,1187,359,546,448,1292,215,1078,872,2479,574
1426,Luster,2001,527,408,1178,359,539,436,1295,212,1066,844,2473,571
1426,Luster,2002,521,421,1195,347,543,431,1298,212,1064,852,2493,559
1426,Luster,2003,507,407,1202,334,531,441,1304,200,1038,848,2506,534
1426,Luster,2004,498,420,1215,321,524,448,1302,198,1022,868,2517,519
1426,Luster,2005,499,417,1218,321,512,457,1307,196,1011,874,2525,517
1426,Luster,2006,478,421,1213,313,512,449,1314,189,990,870,2527,502
1426,Luster,2007,455,430,1221,314,506,447,1321,190,961,877,2542,504
1426,Luster,2008,457,419,1229,314,500,450,1315,186,957,869,2544,500
1426,Luster,2009,459,424,1224,315,511,435,1315,196,970,859,2539,511
1426,Luster,2010,463,456,1237,302,504,453,1332,198,967,909,2569,500
1426,Luster,2011,460,468,1271,299,502,476,1340,207,962,944,2611,506
1426,Luster,2012,451,486,1276,292,494,468,1349,210,945,954,2625,502
1426,Luster,2013,440,490,1295,270,496,463,1372,215,936,953,2667,485
1426,Luster,2014,445,484,1312,268,514,464,1387,215,959,948,2699,483
1428,Askvoll,1999,342,291,835,227,344,315,894,145,686,606,1729,372
1428,Askvoll,2000,338,279,835,218,325,321,885,148,663,600,1720,366
1428,Askvoll,2001,341,279,833,224,335,325,894,148,676,604,1727,372
1428,Askvoll,2002,348,260,826,232,337,305,888,148,685,565,1714,380
1428,Askvoll,2003,335,267,817,237,324,297,897,140,659,564,1714,377
1428,Askvoll,2004,328,247,826,231,297,294,898,139,625,541,1724,370
1428,Askvoll,2005,326,251,821,226,283,300,891,131,609,551,1712,357
1428,Askvoll,2006,303,255,813,217,284,285,886,139,587,540,1699,356
1428,Askvoll,2007,294,255,798,215,276,291,879,135,570,546,1677,350
1428,Askvoll,2008,276,247,785,204,270,282,868,133,546,529,1653,337
1428,Askvoll,2009,248,259,785,202,262,282,852,141,510,541,1637,343
1428,Askvoll,2010,241,254,780,199,265,278,842,140,506,532,1622,339
1428,Askvoll,2011,244,265,782,196,267,262,845,139,511,527,1627,335
1428,Askvoll,2012,241,268,791,202,261,254,839,154,502,522,1630,356
1428,Askvoll,2013,251,255,777,215,253,261,840,166,504,516,1617,381
1428,Askvoll,2014,253,250,776,213,245,259,848,167,498,509,1624,380
1429,Fjaler,1999,263,328,692,172,274,354,775,135,537,682,1467,307
1429,Fjaler,2000,247,330,691,170,271,355,770,130,518,685,1461,300
1429,Fjaler,2001,250,324,681,176,274,331,772,128,524,655,1453,304
1429,Fjaler,2002,253,321,669,179,269,333,782,129,522,654,1451,308
1429,Fjaler,2003,249,316,679,176,274,318,787,128,523,634,1466,304
1429,Fjaler,2004,247,323,667,171,273,316,788,125,520,639,1455,296
1429,Fjaler,2005,243,332,671,169,274,314,790,123,517,646,1461,292
1429,Fjaler,2006,241,325,668,176,262,303,788,118,503,628,1456,294
1429,Fjaler,2007,243,324,651,186,247,318,785,116,490,642,1436,302
1429,Fjaler,2008,238,316,660,181,234,319,787,114,472,635,1447,295
1429,Fjaler,2009,233,320,658,182,218,338,767,122,451,658,1425,304
1429,Fjaler,2010,232,341,664,179,214,327,762,127,446,668,1426,306
1429,Fjaler,2011,235,350,678,177,230,347,763,129,465,697,1441,306
1429,Fjaler,2012,239,317,663,176,226,315,769,127,465,632,1432,303
1429,Fjaler,2013,243,334,671,169,234,325,772,123,477,659,1443,292
1429,Fjaler,2014,252,317,669,169,248,315,768,115,500,632,1437,284
1430,Gaular,1999,310,268,672,164,306,312,736,149,616,580,1408,313
1430,Gaular,2000,302,254,665,171,317,304,733,140,619,558,1398,311
1430,Gaular,2001,297,250,659,169,315,305,729,133,612,555,1388,302
1430,Gaular,2002,276,251,662,164,310,299,729,133,586,550,1391,297
1430,Gaular,2003,270,247,658,160,308,293,737,124,578,540,1395,284
1430,Gaular,2004,275,248,653,170,305,271,735,119,580,519,1388,289
1430,Gaular,2005,266,241,652,171,298,258,741,122,564,499,1393,293
1430,Gaular,2006,264,238,661,166,300,269,746,127,564,507,1407,293
1430,Gaular,2007,258,240,655,162,285,253,740,126,543,493,1395,288
1430,Gaular,2008,256,257,659,169,284,259,746,118,540,516,1405,287
1430,Gaular,2009,257,255,671,164,289,263,741,117,546,518,1412,281
1430,Gaular,2010,251,251,684,167,293,268,754,110,544,519,1438,277
1430,Gaular,2011,250,262,687,160,288,275,768,108,538,537,1455,268
1430,Gaular,2012,255,286,702,153,300,260,790,102,555,546,1492,255
1430,Gaular,2013,264,274,714,157,324,274,813,103,588,548,1527,260
1430,Gaular,2014,277,261,721,158,313,271,823,104,590,532,1544,262
1431,Jølster,1999,314,290,681,178,294,303,727,130,608,593,1408,308
1431,Jølster,2000,325,282,697,176,312,304,737,124,637,586,1434,300
1431,Jølster,2001,329,277,700,171,326,304,737,124,655,581,1437,295
1431,Jølster,2002,324,266,715,171,325,300,748,129,649,566,1463,300
1431,Jølster,2003,316,263,712,175,339,286,760,123,655,549,1472,298
1431,Jølster,2004,315,249,708,176,325,273,753,115,640,522,1461,291
1431,Jølster,2005,312,250,723,177,330,272,748,106,642,522,1471,283
1431,Jølster,2006,311,253,719,179,331,267,743,115,642,520,1462,294
1431,Jølster,2007,302,258,722,173,323,285,749,116,625,543,1471,289
1431,Jølster,2008,304,263,724,166,326,274,756,116,630,537,1480,282
1431,Jølster,2009,297,274,732,162,330,271,780,104,627,545,1512,266
1431,Jølster,2010,295,276,748,163,343,275,779,102,638,551,1527,265
1431,Jølster,2011,291,281,754,166,348,278,797,106,639,559,1551,272
1431,Jølster,2012,285,282,767,164,354,285,811,104,639,567,1578,268
1431,Jølster,2013,283,287,778,153,362,291,821,103,645,578,1599,256
1431,Jølster,2014,281,279,776,143,352,298,831,110,633,577,1607,253
1432,Førde,1999,1223,1187,2530,284,1338,1158,2460,208,2561,2345,4990,492
1432,Førde,2000,1236,1148,2594,290,1329,1146,2516,214,2565,2294,5110,504
1432,Førde,2001,1252,1141,2663,289,1353,1171,2567,211,2605,2312,5230,500
1432,Førde,2002,1247,1152,2702,299,1366,1162,2636,201,2613,2314,5338,500
1432,Førde,2003,1255,1144,2778,296,1379,1151,2713,190,2634,2295,5491,486
1432,Førde,2004,1286,1183,2805,312,1358,1189,2761,210,2644,2372,5566,522
1432,Førde,2005,1284,1172,2863,318,1356,1170,2785,203,2640,2342,5648,521
1432,Førde,2006,1282,1189,2907,325,1355,1228,2832,209,2637,2417,5739,534
1432,Førde,2007,1269,1220,2924,339,1369,1250,2879,215,2638,2470,5803,554
1432,Førde,2008,1267,1249,2973,352,1384,1274,2940,211,2651,2523,5913,563
1432,Førde,2009,1276,1277,3051,344,1394,1280,2993,223,2670,2557,6044,567
1432,Førde,2010,1289,1304,3117,340,1419,1302,3033,231,2708,2606,6150,571
1432,Førde,2011,1289,1325,3168,348,1439,1335,3065,238,2728,2660,6233,586
1432,Førde,2012,1298,1273,3221,361,1413,1348,3153,240,2711,2621,6374,601
1432,Førde,2013,1299,1315,3266,382,1428,1403,3218,248,2727,2718,6484,630
1432,Førde,2014,1278,1343,3311,392,1433,1397,3262,269,2711,2740,6573,661
1433,Naustdal,1999,259,291,609,139,307,304,688,90,566,595,1297,229
1433,Naustdal,2000,273,291,623,129,315,314,701,90,588,605,1324,219
1433,Naustdal,2001,263,284,640,127,315,306,701,92,578,590,1341,219
1433,Naustdal,2002,264,279,650,125,318,301,712,102,582,580,1362,227
1433,Naustdal,2003,265,269,650,128,305,294,715,105,570,563,1365,233
1433,Naustdal,2004,255,251,656,129,303,283,720,99,558,534,1376,228
1433,Naustdal,2005,249,240,659,122,308,277,724,103,557,517,1383,225
1433,Naustdal,2006,259,248,666,120,304,271,725,106,563,519,1391,226
1433,Naustdal,2007,252,243,660,113,304,254,730,102,556,497,1390,215
1433,Naustdal,2008,255,237,669,117,296,261,727,106,551,498,1396,223
1433,Naustdal,2009,248,232,676,118,290,266,723,102,538,498,1399,220
1433,Naustdal,2010,237,243,677,123,292,273,732,98,529,516,1409,221
1433,Naustdal,2011,239,248,674,121,289,268,747,101,528,516,1421,222
1433,Naustdal,2012,239,247,679,125,296,271,754,99,535,518,1433,224
1433,Naustdal,2013,238,246,680,126,280,280,757,106,518,526,1437,232
1433,Naustdal,2014,247,242,703,127,293,283,774,107,540,525,1477,234
1438,Bremanger,1999,345,378,1012,259,413,437,1131,198,758,815,2143,457
1438,Bremanger,2000,351,383,1011,258,435,408,1131,193,786,791,2142,451
1438,Bremanger,2001,352,353,1023,250,440,407,1125,189,792,760,2148,439
1438,Bremanger,2002,352,339,1014,265,429,387,1124,183,781,726,2138,448
1438,Bremanger,2003,360,315,1016,267,424,394,1116,185,784,709,2132,452
1438,Bremanger,2004,367,303,1016,273,418,386,1120,182,785,689,2136,455
1438,Bremanger,2005,368,295,1018,268,411,368,1121,182,779,663,2139,450
1438,Bremanger,2006,348,296,1002,277,409,351,1102,183,757,647,2104,460
1438,Bremanger,2007,345,290,994,282,404,333,1094,188,749,623,2088,470
1438,Bremanger,2008,340,282,993,285,399,329,1074,192,739,611,2067,477
1438,Bremanger,2009,342,276,986,295,392,339,1081,188,734,615,2067,483
1438,Bremanger,2010,339,290,974,303,374,346,1090,192,713,636,2064,495
1438,Bremanger,2011,340,292,983,300,366,354,1085,190,706,646,2068,490
1438,Bremanger,2012,335,300,970,295,359,351,1078,203,694,651,2048,498
1438,Bremanger,2013,338,307,975,293,352,375,1107,198,690,682,2082,491
1438,Bremanger,2014,344,308,983,289,347,379,1100,200,691,687,2083,489
1439,Vågsøy,1999,621,665,1601,363,692,683,1699,200,1313,1348,3300,563
1439,Vågsøy,2000,607,656,1606,373,675,679,1681,202,1282,1335,3287,575
1439,Vågsøy,2001,591,604,1612,375,680,654,1684,217,1271,1258,3296,592
1439,Vågsøy,2002,598,575,1610,373,678,645,1687,219,1276,1220,3297,592
1439,Vågsøy,2003,593,575,1600,383,681,619,1688,210,1274,1194,3288,593
1439,Vågsøy,2004,582,570,1584,391,668,599,1676,218,1250,1169,3260,609
1439,Vågsøy,2005,572,553,1580,388,653,588,1658,226,1225,1141,3238,614
1439,Vågsøy,2006,552,526,1573,390,651,554,1653,224,1203,1080,3226,614
1439,Vågsøy,2007,548,513,1557,401,626,545,1642,232,1174,1058,3199,633
1439,Vågsøy,2008,551,501,1544,400,604,546,1616,236,1155,1047,3160,636
1439,Vågsøy,2009,560,495,1531,392,593,552,1629,237,1153,1047,3160,629
1439,Vågsøy,2010,549,512,1538,383,580,565,1632,237,1129,1077,3170,620
1439,Vågsøy,2011,538,514,1539,380,585,585,1666,223,1123,1099,3205,603
1439,Vågsøy,2012,556,517,1550,375,583,612,1716,220,1139,1129,3266,595
1439,Vågsøy,2013,548,520,1559,363,564,629,1727,209,1112,1149,3286,572
1439,Vågsøy,2014,529,533,1541,361,583,620,1705,219,1112,1153,3246,580
1441,Selje,1999,339,304,732,171,328,325,790,117,667,629,1522,288
1441,Selje,2000,335,293,734,171,325,309,790,109,660,602,1524,280
1441,Selje,2001,335,280,743,167,320,323,789,107,655,603,1532,274
1441,Selje,2002,333,265,744,165,311,315,793,111,644,580,1537,276
1441,Selje,2003,336,268,761,167,307,299,798,110,643,567,1559,277
1441,Selje,2004,329,289,757,171,311,285,808,100,640,574,1565,271
1441,Selje,2005,322,275,743,171,297,283,805,103,619,558,1548,274
1441,Selje,2006,315,260,750,169,290,272,791,111,605,532,1541,280
1441,Selje,2007,303,260,746,168,278,256,791,109,581,516,1537,277
1441,Selje,2008,294,256,735,175,262,251,789,110,556,507,1524,285
1441,Selje,2009,296,248,738,181,252,246,798,115,548,494,1536,296
1441,Selje,2010,289,254,724,170,229,245,798,112,518,499,1522,282
1441,Selje,2011,269,262,720,175,219,246,802,117,488,508,1522,292
1441,Selje,2012,257,272,723,171,232,257,809,110,489,529,1532,281
1441,Selje,2013,244,280,721,172,214,239,810,109,458,519,1531,281
1441,Selje,2014,233,274,730,173,212,238,813,109,445,512,1543,282
1443,Eid,1999,644,603,1394,274,655,628,1430,180,1299,1231,2824,454
1443,Eid,2000,630,598,1410,265,665,599,1437,176,1295,1197,2847,441
1443,Eid,2001,619,609,1423,270,670,594,1443,172,1289,1203,2866,442
1443,Eid,2002,616,580,1428,272,642,591,1464,165,1258,1171,2892,437
1443,Eid,2003,621,592,1421,279,634,582,1476,157,1255,1174,2897,436
1443,Eid,2004,619,603,1422,283,644,556,1497,155,1263,1159,2919,438
1443,Eid,2005,609,587,1436,278,629,561,1508,158,1238,1148,2944,436
1443,Eid,2006,602,600,1452,272,629,570,1515,161,1231,1170,2967,433
1443,Eid,2007,595,605,1459,281,640,587,1519,162,1235,1192,2978,443
1443,Eid,2008,581,593,1484,274,633,583,1541,165,1214,1176,3025,439
1443,Eid,2009,577,589,1501,266,612,586,1564,166,1189,1175,3065,432
1443,Eid,2010,583,569,1505,261,592,588,1586,165,1175,1157,3091,426
1443,Eid,2011,577,586,1516,263,591,608,1589,175,1168,1194,3105,438
1443,Eid,2012,573,586,1534,267,601,605,1604,180,1174,1191,3138,447
1443,Eid,2013,566,570,1541,264,598,583,1618,180,1164,1153,3159,444
1443,Eid,2014,572,558,1537,273,586,586,1636,178,1158,1144,3173,451
1444,Hornindal,1999,131,103,265,68,145,137,311,53,276,240,576,121
1444,Hornindal,2000,131,113,262,67,153,134,315,52,284,247,577,119
1444,Hornindal,2001,133,108,261,66,158,131,310,51,291,239,571,117
1444,Hornindal,2002,133,103,260,61,150,130,309,51,283,233,569,112
1444,Hornindal,2003,135,97,263,61,145,136,302,56,280,233,565,117
1444,Hornindal,2004,142,95,265,65,147,135,301,53,289,230,566,118
1444,Hornindal,2005,140,100,264,67,142,133,300,51,282,233,564,118
1444,Hornindal,2006,136,99,268,70,140,127,310,56,276,226,578,126
1444,Hornindal,2007,138,99,269,67,139,123,316,50,277,222,585,117
1444,Hornindal,2008,131,110,269,68,135,129,324,45,266,239,593,113
1444,Hornindal,2009,128,114,277,62,138,121,333,50,266,235,610,112
1444,Hornindal,2010,120,114,282,64,134,129,326,58,254,243,608,122
1444,Hornindal,2011,117,112,277,65,130,122,321,63,247,234,598,128
1444,Hornindal,2012,114,117,279,67,131,121,324,67,245,238,603,134
1444,Hornindal,2013,115,115,287,71,131,123,335,61,246,238,622,132
1444,Hornindal,2014,105,122,282,70,126,123,332,63,231,245,614,133
1445,Gloppen,1999,583,570,1389,378,579,592,1448,235,1162,1162,2837,613
1445,Gloppen,2000,581,564,1379,387,593,579,1449,237,1174,1143,2828,624
1445,Gloppen,2001,563,542,1378,383,581,560,1455,232,1144,1102,2833,615
1445,Gloppen,2002,574,522,1384,382,588,555,1466,245,1162,1077,2850,627
1445,Gloppen,2003,564,519,1396,385,592,547,1484,252,1156,1066,2880,637
1445,Gloppen,2004,555,518,1403,386,602,531,1498,248,1157,1049,2901,634
1445,Gloppen,2005,567,543,1406,380,601,540,1509,247,1168,1083,2915,627
1445,Gloppen,2006,555,525,1418,382,587,555,1505,242,1142,1080,2923,624
1445,Gloppen,2007,550,522,1415,387,557,545,1499,248,1107,1067,2914,635
1445,Gloppen,2008,542,521,1419,378,551,532,1493,251,1093,1053,2912,629
1445,Gloppen,2009,525,516,1423,382,557,531,1493,246,1082,1047,2916,628
1445,Gloppen,2010,522,517,1438,375,546,538,1516,244,1068,1055,2954,619
1445,Gloppen,2011,517,514,1454,362,552,534,1530,242,1069,1048,2984,604
1445,Gloppen,2012,501,518,1475,350,534,543,1522,236,1035,1061,2997,586
1445,Gloppen,2013,497,517,1474,337,546,541,1518,246,1043,1058,2992,583
1445,Gloppen,2014,499,517,1500,320,551,532,1535,240,1050,1049,3035,560
1449,Stryn (1977-2019),1999,667,662,1572,393,758,700,1712,246,1425,1362,3284,639
1449,Stryn (1977-2019),2000,660,647,1583,401,740,678,1714,243,1400,1325,3297,644
1449,Stryn (1977-2019),2001,682,640,1605,395,744,714,1759,235,1426,1354,3364,630
1449,Stryn (1977-2019),2002,669,625,1607,392,741,701,1763,236,1410,1326,3370,628
1449,Stryn (1977-2019),2003,673,635,1630,387,724,703,1782,234,1397,1338,3412,621
1449,Stryn (1977-2019),2004,705,629,1640,393,724,715,1822,227,1429,1344,3462,620
1449,Stryn (1977-2019),2005,688,608,1674,379,710,717,1834,233,1398,1325,3508,612
1449,Stryn (1977-2019),2006,684,580,1674,381,704,675,1851,230,1388,1255,3525,611
1449,Stryn (1977-2019),2007,686,563,1661,362,705,653,1846,230,1391,1216,3507,592
1449,Stryn (1977-2019),2008,680,561,1671,353,723,674,1872,235,1403,1235,3543,588
1449,Stryn (1977-2019),2009,704,554,1709,345,699,697,1903,233,1403,1251,3612,578
1449,Stryn (1977-2019),2010,712,580,1727,335,710,734,1928,241,1422,1314,3655,576
1449,Stryn (1977-2019),2011,726,586,1734,345,701,730,1948,248,1427,1316,3682,593
1449,Stryn (1977-2019),2012,691,610,1741,351,703,748,1971,250,1394,1358,3712,601
1449,Stryn (1977-2019),2013,673,610,1757,351,714,743,2010,247,1387,1353,3767,598
1449,Stryn (1977-2019),2014,677,594,1764,354,715,736,2045,249,1392,1330,3809,603
1502,Molde,1999,2316,2349,6223,1166,2492,2418,5965,673,4808,4767,12188,1839
1502,Molde,2000,2302,2290,6320,1173,2486,2393,6073,673,4788,4683,12393,1846
1502,Molde,2001,2296,2216,6381,1195,2457,2380,6148,700,4753,4596,12529,1895
1502,Molde,2002,2300,2181,6429,1193,2477,2362,6225,709,4777,4543,12654,1902
1502,Molde,2003,2277,2170,6468,1209,2450,2392,6286,703,4727,4562,12754,1912
1502,Molde,2004,2276,2182,6486,1223,2423,2395,6351,705,4699,4577,12837,1928
1502,Molde,2005,2280,2203,6495,1225,2380,2426,6391,724,4660,4629,12886,1949
1502,Molde,2006,2253,2186,6495,1246,2340,2468,6422,736,4593,4654,12917,1982
1502,Molde,2007,2261,2181,6511,1246,2332,2481,6483,759,4593,4662,12994,2005
1502,Molde,2008,2228,2169,6565,1235,2312,2449,6570,766,4540,4618,13135,2001
1502,Molde,2009,2257,2207,6644,1226,2313,2471,6691,745,4570,4678,13335,1971
1502,Molde,2010,2207,2292,6737,1225,2292,2513,6776,753,4499,4805,13513,1978
1502,Molde,2011,2178,2366,6807,1203,2305,2586,6887,757,4483,4952,13694,1960
1502,Molde,2012,2180,2394,6948,1190,2292,2703,7019,762,4472,5097,13967,1952
1502,Molde,2013,2202,2493,7034,1212,2286,2756,7178,775,4488,5249,14212,1987
1502,Molde,2014,2206,2494,7124,1196,2279,2722,7262,765,4485,5216,14386,1961
1504,Ålesund (1977-2019),1999,3756,3941,9917,1796,3958,3958,9916,1009,7714,7899,19833,2805
1504,Ålesund (1977-2019),2000,3817,3988,10087,1837,4046,3946,10079,1055,7863,7934,20166,2892
1504,Ålesund (1977-2019),2001,3881,3967,10191,1845,4108,3886,10236,1075,7989,7853,20427,2920
1504,Ålesund (1977-2019),2002,3894,3909,10296,1860,4106,3852,10327,1129,8000,7761,20623,2989
1504,Ålesund (1977-2019),2003,3931,3893,10399,1900,4125,3871,10455,1121,8056,7764,20854,3021
1504,Ålesund (1977-2019),2004,3936,3928,10476,1923,4165,3812,10615,1146,8101,7740,21091,3069
1504,Ålesund (1977-2019),2005,3934,3925,10591,1952,4181,3843,10702,1167,8115,7768,21293,3119
1504,Ålesund (1977-2019),2006,3949,3965,10718,1973,4183,3977,10870,1166,8132,7942,21588,3139
1504,Ålesund (1977-2019),2007,3960,4057,10855,1969,4168,4085,11092,1199,8128,8142,21947,3168
1504,Ålesund (1977-2019),2008,3971,4084,10951,1985,4186,4156,11297,1203,8157,8240,22248,3188
1504,Ålesund (1977-2019),2009,3932,4177,11069,1980,4193,4300,11467,1199,8125,8477,22536,3179
1504,Ålesund (1977-2019),2010,3978,4253,11220,1942,4262,4370,11732,1225,8240,8623,22952,3167
1504,Ålesund (1977-2019),2011,4008,4268,11438,1919,4266,4561,11958,1252,8274,8829,23396,3171
1504,Ålesund (1977-2019),2012,4009,4406,11543,1932,4286,4719,12262,1259,8295,9125,23805,3191
1504,Ålesund (1977-2019),2013,4011,4477,11715,1916,4299,4850,12496,1269,8310,9327,24211,3185
1504,Ålesund (1977-2019),2014,4040,4548,11941,1921,4367,4898,12768,1264,8407,9446,24709,3185
1511,Vanylven,1999,339,360,827,235,358,423,936,129,697,783,1763,364
1511,Vanylven,2000,334,337,822,240,374,395,943,139,708,732,1765,379
1511,Vanylven,2001,314,326,823,239,382,379,936,133,696,705,1759,372
1511,Vanylven,2002,358,357,913,270,400,425,1032,144,758,782,1945,414
1511,Vanylven,2003,358,325,923,261,378,393,1033,149,736,718,1956,410
1511,Vanylven,2004,347,314,922,256,378,374,1018,145,725,688,1940,401
1511,Vanylven,2005,329,312,909,255,363,361,1021,143,692,673,1930,398
1511,Vanylven,2006,306,297,895,249,348,343,1009,142,654,640,1904,391
1511,Vanylven,2007,291,299,896,238,334,322,1003,153,625,621,1899,391
1511,Vanylven,2008,298,298,893,242,324,318,1004,153,622,616,1897,395
1511,Vanylven,2009,288,281,904,240,311,320,998,152,599,601,1902,392
1511,Vanylven,2010,262,260,902,234,294,330,1047,142,556,590,1949,376
1511,Vanylven,2011,260,257,904,221,291,303,1034,147,551,560,1938,368
1511,Vanylven,2012,260,254,899,217,279,309,1023,147,539,563,1922,364
1511,Vanylven,2013,251,242,889,226,272,301,1003,152,523,543,1892,378
1511,Vanylven,2014,230,256,884,223,260,313,986,150,490,569,1870,373
1514,Sande (Møre og Romsdal),1999,299,295,737,185,297,356,810,113,596,651,1547,298
1514,Sande (Møre og Romsdal),2000,296,296,737,187,303,338,805,119,599,634,1542,306
1514,Sande (Møre og Romsdal),2001,289,269,751,186,296,325,804,118,585,594,1555,304
1514,Sande (Møre og Romsdal),2002,246,226,666,153,270,264,709,99,516,490,1375,252
1514,Sande (Møre og Romsdal),2003,236,224,654,159,261,261,709,95,497,485,1363,254
1514,Sande (Møre og Romsdal),2004,231,216,657,159,270,267,712,93,501,483,1369,252
1514,Sande (Møre og Romsdal),2005,224,211,665,160,262,259,701,94,486,470,1366,254
1514,Sande (Møre og Romsdal),2006,224,202,665,161,246,260,683,98,470,462,1348,259
1514,Sande (Møre og Romsdal),2007,215,214,663,156,240,251,682,105,455,465,1345,261
1514,Sande (Møre og Romsdal),2008,208,208,663,164,241,235,682,101,449,443,1345,265
1514,Sande (Møre og Romsdal),2009,213,204,660,176,243,237,708,100,456,441,1368,276
1514,Sande (Møre og Romsdal),2010,193,205,658,174,245,223,715,105,438,428,1373,279
1514,Sande (Møre og Romsdal),2011,196,206,657,179,246,249,784,108,442,455,1441,287
1514,Sande (Møre og Romsdal),2012,177,209,650,173,238,243,789,109,415,452,1439,282
1514,Sande (Møre og Romsdal),2013,183,213,655,181,245,247,790,114,428,460,1445,295
1514,Sande (Møre og Romsdal),2014,187,216,660,176,233,253,797,114,420,469,1457,290
1515,Herøy (Møre og Romsdal),1999,896,850,1962,401,888,936,2176,250,1784,1786,4138,651
1515,Herøy (Møre og Romsdal),2000,912,801,2007,401,880,925,2222,242,1792,1726,4229,643
1515,Herøy (Møre og Romsdal),2001,930,791,2013,391,862,902,2216,254,1792,1693,4229,645
1515,Herøy (Møre og Romsdal),2002,923,788,2055,384,852,879,2232,261,1775,1667,4287,645
1515,Herøy (Møre og Romsdal),2003,889,795,2057,389,856,847,2264,258,1745,1642,4321,647
1515,Herøy (Møre og Romsdal),2004,879,784,2078,393,846,816,2294,265,1725,1600,4372,658
1515,Herøy (Møre og Romsdal),2005,865,762,2104,397,854,822,2309,273,1719,1584,4413,670
1515,Herøy (Møre og Romsdal),2006,852,730,2128,414,852,815,2308,274,1704,1545,4436,688
1515,Herøy (Møre og Romsdal),2007,852,732,2121,419,826,778,2313,280,1678,1510,4434,699
1515,Herøy (Møre og Romsdal),2008,851,732,2136,412,853,757,2328,284,1704,1489,4464,696
1515,Herøy (Møre og Romsdal),2009,839,742,2139,414,854,750,2319,292,1693,1492,4458,706
1515,Herøy (Møre og Romsdal),2010,813,754,2172,408,854,757,2330,295,1667,1511,4502,703
1515,Herøy (Møre og Romsdal),2011,801,780,2210,416,857,789,2391,289,1658,1569,4601,705
1515,Herøy (Møre og Romsdal),2012,805,807,2259,427,863,813,2450,303,1668,1620,4709,730
1515,Herøy (Møre og Romsdal),2013,805,833,2280,432,864,844,2484,305,1669,1677,4764,737
1515,Herøy (Møre og Romsdal),2014,795,825,2293,433,859,829,2514,299,1654,1654,4807,732
1516,Ulstein,1999,718,704,1506,250,770,791,1658,140,1488,1495,3164,390
1516,Ulstein,2000,721,690,1538,249,776,739,1690,138,1497,1429,3228,387
1516,Ulstein,2001,738,655,1583,262,802,700,1728,147,1540,1355,3311,409
1516,Ulstein,2002,749,643,1617,260,799,687,1756,153,1548,1330,3373,413
1516,Ulstein,2003,777,624,1634,259,820,665,1787,155,1597,1289,3421,414
1516,Ulstein,2004,787,613,1662,258,820,647,1811,163,1607,1260,3473,421
1516,Ulstein,2005,813,598,1703,258,822,629,1816,156,1635,1227,3519,414
1516,Ulstein,2006,806,576,1729,268,820,631,1817,166,1626,1207,3546,434
1516,Ulstein,2007,795,591,1741,272,805,638,1836,163,1600,1229,3577,435
1516,Ulstein,2008,812,598,1771,268,804,676,1850,167,1616,1274,3621,435
1516,Ulstein,2009,794,628,1798,272,803,693,1895,169,1597,1321,3693,441
1516,Ulstein,2010,804,647,1832,287,805,747,2158,181,1609,1394,3990,468
1516,Ulstein,2011,810,679,1889,288,823,768,2315,179,1633,1447,4204,467
1516,Ulstein,2012,831,690,1929,287,820,774,2321,176,1651,1464,4250,463
1516,Ulstein,2013,814,700,1967,282,833,781,2353,197,1647,1481,4320,479
1516,Ulstein,2014,828,725,2026,280,821,804,2403,205,1649,1529,4429,485
1517,Hareid,1999,529,478,1143,219,533,499,1187,143,1062,977,2330,362
1517,Hareid,2000,545,468,1160,224,538,480,1179,154,1083,948,2339,378
1517,Hareid,2001,533,468,1171,222,540,487,1188,154,1073,955,2359,376
1517,Hareid,2002,519,456,1187,227,542,483,1212,154,1061,939,2399,381
1517,Hareid,2003,505,460,1181,231,510,485,1202,156,1015,945,2383,387
1517,Hareid,2004,490,436,1178,237,489,475,1200,165,979,911,2378,402
1517,Hareid,2005,497,428,1185,243,486,458,1197,164,983,886,2382,407
1517,Hareid,2006,473,435,1175,249,482,466,1198,159,955,901,2373,408
1517,Hareid,2007,455,452,1186,245,483,478,1227,149,938,930,2413,394
1517,Hareid,2008,465,455,1211,250,486,495,1229,150,951,950,2440,400
1517,Hareid,2009,474,450,1228,248,500,511,1256,150,974,961,2484,398
1517,Hareid,2010,469,457,1236,255,481,536,1275,150,950,993,2511,405
1517,Hareid,2011,467,480,1246,250,485,547,1305,152,952,1027,2551,402
1517,Hareid,2012,461,491,1257,251,493,545,1343,159,954,1036,2600,410
1517,Hareid,2013,462,493,1274,261,508,532,1361,166,970,1025,2635,427
1517,Hareid,2014,454,482,1285,256,492,516,1370,166,946,998,2655,422
1519,Volda,1999,857,881,1997,473,914,878,2011,269,1771,1759,4008,742
1519,Volda,2000,854,857,2021,468,919,875,2052,276,1773,1732,4073,744
1519,Volda,2001,860,853,2015,479,925,840,2079,271,1785,1693,4094,750
1519,Volda,2002,853,810,2063,489,915,842,2079,278,1768,1652,4142,767
1519,Volda,2003,829,800,2091,490,897,856,2096,276,1726,1656,4187,766
1519,Volda,2004,822,839,2095,481,910,856,2108,266,1732,1695,4203,747
1519,Volda,2005,830,803,2109,495,893,850,2096,275,1723,1653,4205,770
1519,Volda,2006,815,795,2113,496,884,826,2119,274,1699,1621,4232,770
1519,Volda,2007,805,820,2114,477,860,834,2132,275,1665,1654,4246,752
1519,Volda,2008,816,835,2132,477,874,845,2155,272,1690,1680,4287,749
1519,Volda,2009,813,860,2144,484,861,896,2189,262,1674,1756,4333,746
1519,Volda,2010,835,837,2184,480,844,894,2237,262,1679,1731,4421,742
1519,Volda,2011,825,887,2186,469,834,950,2244,260,1659,1837,4430,729
1519,Volda,2012,810,894,2208,466,815,975,2272,253,1625,1869,4480,719
1519,Volda,2013,803,931,2231,452,789,1044,2313,264,1592,1975,4544,716
1519,Volda,2014,814,920,2257,455,781,1054,2361,267,1595,1974,4618,722
1520,Ørsta,1999,981,1019,2497,578,1115,1182,2611,374,2096,2201,5108,952
1520,Ørsta,2000,974,999,2506,574,1080,1173,2608,362,2054,2172,5114,936
1520,Ørsta,2001,979,989,2503,586,1080,1139,2632,351,2059,2128,5135,937
1520,Ørsta,2002,980,944,2521,593,1062,1104,2648,366,2042,2048,5169,959
1520,Ørsta,2003,1008,925,2547,611,1075,1083,2645,375,2083,2008,5192,986
1520,Ørsta,2004,1007,918,2540,612,1061,1086,2661,382,2068,2004,5201,994
1520,Ørsta,2005,1001,903,2542,615,1044,1063,2674,391,2045,1966,5216,1006
1520,Ørsta,2006,975,922,2560,621,1024,1075,2686,394,1999,1997,5246,1015
1520,Ørsta,2007,942,906,2557,634,987,1048,2698,390,1929,1954,5255,1024
1520,Ørsta,2008,955,894,2567,625,996,1030,2711,385,1951,1924,5278,1010
1520,Ørsta,2009,955,922,2559,621,991,1053,2714,385,1946,1975,5273,1006
1520,Ørsta,2010,975,954,2586,616,1021,1055,2755,381,1996,2009,5341,997
1520,Ørsta,2011,986,952,2604,607,996,1071,2778,379,1982,2023,5382,986
1520,Ørsta,2012,988,955,2626,592,972,1065,2820,380,1960,2020,5446,972
1520,Ørsta,2013,977,935,2660,588,996,1068,2857,375,1973,2003,5517,963
1520,Ørsta,2014,991,931,2691,580,1000,1063,2904,376,1991,1994,5595,956
1523,Ørskog (1977-2019),1999,222,198,512,129,197,210,542,74,419,408,1054,203
1523,Ørskog (1977-2019),2000,213,196,508,132,199,204,543,81,412,400,1051,213
1523,Ørskog (1977-2019),2001,209,198,525,127,211,196,553,80,420,394,1078,207
1523,Ørskog (1977-2019),2002,215,191,519,124,208,195,569,75,423,386,1088,199
1523,Ørskog (1977-2019),2003,206,190,521,121,198,188,576,75,404,378,1097,196
1523,Ørskog (1977-2019),2004,203,196,523,126,203,187,580,75,406,383,1103,201
1523,Ørskog (1977-2019),2005,205,200,528,130,200,201,575,82,405,401,1103,212
1523,Ørskog (1977-2019),2006,191,199,529,130,192,196,575,81,383,395,1104,211
1523,Ørskog (1977-2019),2007,183,192,535,131,197,190,582,78,380,382,1117,209
1523,Ørskog (1977-2019),2008,184,202,531,131,210,193,594,74,394,395,1125,205
1523,Ørskog (1977-2019),2009,178,207,545,129,208,189,612,74,386,396,1157,203
1523,Ørskog (1977-2019),2010,181,203,555,122,216,183,607,71,397,386,1162,193
1523,Ørskog (1977-2019),2011,171,192,565,116,210,190,609,67,381,382,1174,183
1523,Ørskog (1977-2019),2012,177,205,580,115,222,188,644,71,399,393,1224,186
1523,Ørskog (1977-2019),2013,180,203,601,111,231,191,680,70,411,394,1281,181
1523,Ørskog (1977-2019),2014,183,204,620,112,235,187,689,71,418,391,1309,183
1524,Norddal,1999,191,183,439,172,195,206,470,113,386,389,909,285
1524,Norddal,2000,194,179,438,164,193,204,477,111,387,383,915,275
1524,Norddal,2001,208,162,448,149,201,201,477,108,409,363,925,257
1524,Norddal,2002,189,166,440,138,201,187,485,99,390,353,925,237
1524,Norddal,2003,188,170,441,138,197,181,488,96,385,351,929,234
1524,Norddal,2004,185,159,428,141,192,172,478,90,377,331,906,231
1524,Norddal,2005,178,161,433,135,183,164,477,86,361,325,910,221
1524,Norddal,2006,178,162,435,131,178,162,479,83,356,324,914,214
1524,Norddal,2007,180,154,446,131,182,161,476,87,362,315,922,218
1524,Norddal,2008,177,147,437,126,169,154,466,85,346,301,903,211
1524,Norddal,2009,178,153,446,121,171,154,462,84,349,307,908,205
1524,Norddal,2010,192,156,449,119,173,162,470,80,365,318,919,199
1524,Norddal,2011,185,144,455,113,163,154,467,80,348,298,922,193
1524,Norddal,2012,176,143,454,115,156,154,462,78,332,297,916,193
1524,Norddal,2013,164,145,450,117,158,157,469,79,322,302,919,196
1524,Norddal,2014,154,134,443,113,158,138,466,79,312,272,909,192
1525,Stranda,1999,439,487,1144,267,498,497,1198,169,937,984,2342,436
1525,Stranda,2000,437,459,1142,271,511,457,1231,169,948,916,2373,440
1525,Stranda,2001,444,450,1148,267,501,449,1217,180,945,899,2365,447
1525,Stranda,2002,466,419,1167,268,502,442,1238,181,968,861,2405,449
1525,Stranda,2003,475,400,1190,264,517,431,1241,187,992,831,2431,451
1525,Stranda,2004,471,376,1180,275,489,444,1235,193,960,820,2415,468
1525,Stranda,2005,449,378,1168,279,463,441,1236,191,912,819,2404,470
1525,Stranda,2006,440,370,1169,271,444,434,1214,202,884,804,2383,473
1525,Stranda,2007,429,354,1158,279,448,421,1213,198,877,775,2371,477
1525,Stranda,2008,442,387,1149,294,426,435,1213,197,868,822,2362,491
1525,Stranda,2009,417,391,1147,290,419,428,1234,207,836,819,2381,497
1525,Stranda,2010,412,395,1146,291,417,423,1246,201,829,818,2392,492
1525,Stranda,2011,414,419,1140,295,411,446,1257,193,825,865,2397,488
1525,Stranda,2012,413,408,1148,298,396,477,1259,203,809,885,2407,501
1525,Stranda,2013,397,419,1145,305,391,484,1276,193,788,903,2421,498
1525,Stranda,2014,408,407,1158,297,383,481,1282,200,791,888,2440,497
1526,Stordal,1999,116,104,261,61,91,124,267,40,207,228,528,101
1526,Stordal,2000,115,103,262,57,87,119,270,39,202,222,532,96
1526,Stordal,2001,111,103,264,56,90,125,280,41,201,228,544,97
1526,Stordal,2002,111,85,261,56,94,105,272,40,205,190,533,96
1526,Stordal,2003,111,72,263,57,90,95,265,41,201,167,528,98
1526,Stordal,2004,117,66,259,57,82,82,264,39,199,148,523,96
1526,Stordal,2005,118,81,262,55,98,83,271,39,216,164,533,94
1526,Stordal,2006,116,86,259,54,96,81,266,38,212,167,525,92
1526,Stordal,2007,115,83,258,51,94,77,267,39,209,160,525,90
1526,Stordal,2008,114,78,259,47,94,77,270,40,208,155,529,87
1526,Stordal,2009,124,79,260,51,98,80,271,38,222,159,531,89
1526,Stordal,2010,126,83,267,49,99,85,280,41,225,168,547,90
1526,Stordal,2011,122,86,260,53,99,84,277,41,221,170,537,94
1526,Stordal,2012,119,90,265,52,90,85,284,41,209,175,549,93
1526,Stordal,2013,120,92,267,57,102,80,292,42,222,172,559,99
1526,Stordal,2014,111,90,265,56,102,81,292,38,213,171,557,94
1528,Sykkylven,1999,728,780,1741,326,748,847,1843,235,1476,1627,3584,561
1528,Sykkylven,2000,737,753,1754,340,756,827,1877,236,1493,1580,3631,576
1528,Sykkylven,2001,767,743,1776,351,784,826,1904,232,1551,1569,3680,583
1528,Sykkylven,2002,791,731,1789,354,804,791,1956,230,1595,1522,3745,584
1528,Sykkylven,2003,788,725,1810,345,801,746,1972,237,1589,1471,3782,582
1528,Sykkylven,2004,781,708,1844,346,797,735,1984,249,1578,1443,3828,595
1528,Sykkylven,2005,775,695,1853,351,790,727,1997,258,1565,1422,3850,609
1528,Sykkylven,2006,747,692,1876,353,759,720,2008,266,1506,1412,3884,619
1528,Sykkylven,2007,759,681,1902,360,757,715,2024,269,1516,1396,3926,629
1528,Sykkylven,2008,760,673,1905,371,756,727,2040,259,1516,1400,3945,630
1528,Sykkylven,2009,760,719,1927,357,746,735,2062,259,1506,1454,3989,616
1528,Sykkylven,2010,771,693,1950,358,753,722,2080,262,1524,1415,4030,620
1528,Sykkylven,2011,780,674,2003,358,756,734,2091,266,1536,1408,4094,624
1528,Sykkylven,2012,762,683,2013,354,754,735,2100,263,1516,1418,4113,617
1528,Sykkylven,2013,763,674,2036,347,746,719,2137,251,1509,1393,4173,598
1528,Sykkylven,2014,775,653,2070,353,733,725,2176,245,1508,1378,4246,598
1529,Skodje,1999,396,365,849,115,396,381,896,93,792,746,1745,208
1529,Skodje,2000,397,360,862,116,396,384,904,94,793,744,1766,210
1529,Skodje,2001,393,359,878,116,401,382,908,96,794,741,1786,212
1529,Skodje,2002,412,347,898,122,407,350,937,97,819,697,1835,219
1529,Skodje,2003,417,339,926,122,402,332,958,94,819,671,1884,216
1529,Skodje,2004,411,332,917,122,391,331,956,98,802,663,1873,220
1529,Skodje,2005,405,337,927,126,386,338,971,107,791,675,1898,233
1529,Skodje,2006,411,338,940,127,388,342,979,113,799,680,1919,240
1529,Skodje,2007,399,346,943,128,389,354,999,110,788,700,1942,238
1529,Skodje,2008,399,358,971,137,399,365,1015,106,798,723,1986,243
1529,Skodje,2009,427,366,1006,138,438,373,1047,106,865,739,2053,244
1529,Skodje,2010,415,389,1015,135,432,378,1078,102,847,767,2093,237
1529,Skodje,2011,448,409,1040,138,439,399,1100,106,887,808,2140,244
1529,Skodje,2012,456,420,1067,135,453,412,1134,107,909,832,2201,242
1529,Skodje,2013,457,431,1089,140,469,409,1177,110,926,840,2266,250
1529,Skodje,2014,472,424,1117,146,465,422,1230,111,937,846,2347,257
1531,Sula,1999,715,727,1739,300,806,797,1724,197,1521,1524,3463,497
1531,Sula,2000,734,707,1762,317,830,766,1763,191,1564,1473,3525,508
1531,Sula,2001,744,679,1778,320,826,737,1793,196,1570,1416,3571,516
1531,Sula,2002,753,710,1807,325,844,759,1835,197,1597,1469,3642,522
1531,Sula,2003,746,704,1827,335,854,736,1900,202,1600,1440,3727,537
1531,Sula,2004,760,696,1836,347,848,716,1915,224,1608,1412,3751,571
1531,Sula,2005,776,701,1873,352,857,718,1936,240,1633,1419,3809,592
1531,Sula,2006,772,688,1894,365,826,746,1964,247,1598,1434,3858,612
1531,Sula,2007,774,700,1893,367,832,735,1975,262,1606,1435,3868,629
1531,Sula,2008,775,723,1918,379,843,748,1991,249,1618,1471,3909,628
1531,Sula,2009,798,745,1945,384,849,768,2033,256,1647,1513,3978,640
1531,Sula,2010,837,754,1974,384,875,755,2103,249,1712,1509,4077,633
1531,Sula,2011,854,762,2024,384,891,777,2150,254,1745,1539,4174,638
1531,Sula,2012,872,741,2060,390,894,817,2228,254,1766,1558,4288,644
1531,Sula,2013,901,725,2101,386,904,835,2287,258,1805,1560,4388,644
1531,Sula,2014,939,748,2159,383,922,869,2370,261,1861,1617,4529,644
1532,Giske,1999,697,634,1541,265,756,684,1579,181,1453,1318,3120,446
1532,Giske,2000,707,625,1549,262,755,662,1609,175,1462,1287,3158,437
1532,Giske,2001,701,618,1569,273,767,669,1626,172,1468,1287,3195,445
1532,Giske,2002,706,619,1580,284,760,674,1640,176,1466,1293,3220,460
1532,Giske,2003,724,618,1601,284,765,695,1639,169,1489,1313,3240,453
1532,Giske,2004,726,619,1634,285,769,689,1670,186,1495,1308,3304,471
1532,Giske,2005,720,623,1622,301,759,677,1699,190,1479,1300,3321,491
1532,Giske,2006,730,614,1637,301,760,675,1714,199,1490,1289,3351,500
1532,Giske,2007,725,602,1656,304,758,663,1736,203,1483,1265,3392,507
1532,Giske,2008,745,631,1675,302,778,667,1783,196,1523,1298,3458,498
1532,Giske,2009,748,645,1687,306,790,673,1829,195,1538,1318,3516,501
1532,Giske,2010,787,637,1736,309,805,678,1876,201,1592,1315,3612,510
1532,Giske,2011,788,672,1767,306,805,696,1914,201,1593,1368,3681,507
1532,Giske,2012,820,684,1816,306,814,732,1941,199,1634,1416,3757,505
1532,Giske,2013,831,713,1882,309,839,756,2015,196,1670,1469,3897,505
1532,Giske,2014,862,711,1937,305,830,784,2099,211,1692,1495,4036,516
1534,Haram,1999,825,857,2080,469,922,973,2299,308,1747,1830,4379,777
1534,Haram,2000,833,843,2098,492,932,954,2304,318,1765,1797,4402,810
1534,Haram,2001,817,847,2117,499,933,929,2329,321,1750,1776,4446,820
1534,Haram,2002,819,822,2127,517,932,898,2345,321,1751,1720,4472,838
1534,Haram,2003,835,815,2146,518,954,862,2357,332,1789,1677,4503,850
1534,Haram,2004,835,797,2153,518,951,844,2365,318,1786,1641,4518,836
1534,Haram,2005,829,766,2150,523,897,850,2365,335,1726,1616,4515,858
1534,Haram,2006,810,749,2149,532,884,832,2345,342,1694,1581,4494,874
1534,Haram,2007,819,720,2154,522,842,839,2356,354,1661,1559,4510,876
1534,Haram,2008,823,699,2180,503,821,850,2381,360,1644,1549,4561,863
1534,Haram,2009,822,710,2203,484,811,854,2448,362,1633,1564,4651,846
1534,Haram,2010,816,727,2211,491,812,851,2488,343,1628,1578,4699,834
1534,Haram,2011,826,752,2227,487,828,860,2529,348,1654,1612,4756,835
1534,Haram,2012,827,785,2258,475,838,858,2581,351,1665,1643,4839,826
1534,Haram,2013,840,772,2281,469,843,845,2622,348,1683,1617,4903,817
1534,Haram,2014,833,793,2318,458,855,840,2643,344,1688,1633,4961,802
1535,Vestnes,1999,660,582,1583,341,732,668,1712,227,1392,1250,3295,568
1535,Vestnes,2000,654,576,1606,330,737,671,1739,217,1391,1247,3345,547
1535,Vestnes,2001,652,538,1621,331,737,635,1751,221,1389,1173,3372,552
1535,Vestnes,2002,648,508,1631,324,726,629,1744,214,1374,1137,3375,538
1535,Vestnes,2003,646,527,1629,320,728,613,1765,214,1374,1140,3394,534
1535,Vestnes,2004,639,530,1625,317,707,584,1765,222,1346,1114,3390,539
1535,Vestnes,2005,628,524,1628,322,697,588,1775,228,1325,1112,3403,550
1535,Vestnes,2006,609,570,1639,330,680,592,1803,219,1289,1162,3442,549
1535,Vestnes,2007,593,575,1649,320,638,612,1792,223,1231,1187,3441,543
1535,Vestnes,2008,591,570,1671,327,640,605,1812,218,1231,1175,3483,545
1535,Vestnes,2009,580,579,1675,331,628,618,1851,216,1208,1197,3526,547
1535,Vestnes,2010,575,569,1700,315,599,640,1893,215,1174,1209,3593,530
1535,Vestnes,2011,572,577,1712,310,582,650,1878,223,1154,1227,3590,533
1535,Vestnes,2012,561,587,1719,302,565,659,1921,225,1126,1246,3640,527
1535,Vestnes,2013,546,618,1725,316,560,677,1948,236,1106,1295,3673,552
1535,Vestnes,2014,534,611,1747,290,551,681,1968,233,1085,1292,3715,523
1539,Rauma,1999,724,665,1905,494,744,730,1942,300,1468,1395,3847,794
1539,Rauma,2000,717,646,1902,500,738,667,1937,308,1455,1313,3839,808
1539,Rauma,2001,717,607,1917,519,738,654,1972,298,1455,1261,3889,817
1539,Rauma,2002,717,610,1896,520,723,669,1957,289,1440,1279,3853,809
1539,Rauma,2003,713,580,1891,520,711,659,1971,267,1424,1239,3862,787
1539,Rauma,2004,693,595,1904,517,704,679,1971,271,1397,1274,3875,788
1539,Rauma,2005,677,597,1919,526,692,671,1987,267,1369,1268,3906,793
1539,Rauma,2006,673,610,1908,512,695,680,1987,282,1368,1290,3895,794
1539,Rauma,2007,662,606,1909,510,676,689,1989,284,1338,1295,3898,794
1539,Rauma,2008,647,623,1916,507,673,680,2042,291,1320,1303,3958,798
1539,Rauma,2009,633,627,1921,505,673,690,2034,293,1306,1317,3955,798
1539,Rauma,2010,630,639,1920,507,677,693,2059,288,1307,1332,3979,795
1539,Rauma,2011,610,647,1917,508,669,689,2083,277,1279,1336,4000,785
1539,Rauma,2012,609,636,1930,500,674,698,2092,289,1283,1334,4022,789
1539,Rauma,2013,607,636,1961,474,671,684,2116,272,1278,1320,4077,746
1539,Rauma,2014,613,631,1982,467,683,677,2122,278,1296,1308,4104,745
1543,Nesset,1999,333,257,793,223,359,301,867,158,692,558,1660,381
1543,Nesset,2000,337,261,791,218,364,300,869,149,701,561,1660,367
1543,Nesset,2001,344,256,794,209,353,285,873,145,697,541,1667,354
1543,Nesset,2002,344,253,805,198,347,275,882,144,691,528,1687,342
1543,Nesset,2003,334,266,801,196,339,288,883,137,673,554,1684,333
1543,Nesset,2004,322,264,800,193,332,283,869,138,654,547,1669,331
1543,Nesset,2005,319,264,793,190,332,291,856,136,651,555,1649,326
1543,Nesset,2006,308,263,785,190,313,287,859,134,621,550,1644,324
1543,Nesset,2007,288,277,779,188,292,294,836,134,580,571,1615,322
1543,Nesset,2008,278,275,779,181,278,302,828,140,556,577,1607,321
1543,Nesset,2009,267,280,788,179,278,313,840,131,545,593,1628,310
1543,Nesset,2010,259,277,787,180,269,326,844,132,528,603,1631,312
1543,Nesset,2011,256,269,771,176,245,310,834,127,501,579,1605,303
1543,Nesset,2012,249,267,770,182,238,319,851,128,487,586,1621,310
1543,Nesset,2013,251,259,768,185,241,303,869,119,492,562,1637,304
1543,Nesset,2014,244,265,767,183,244,300,869,129,488,565,1636,312
1545,Midsund,1999,166,198,471,124,200,196,540,84,366,394,1011,208
1545,Midsund,2000,174,189,477,124,199,189,539,87,373,378,1016,211
1545,Midsund,2001,181,180,478,129,203,178,535,92,384,358,1013,221
1545,Midsund,2002,181,162,475,138,193,177,543,87,374,339,1018,225
1545,Midsund,2003,187,163,488,128,192,176,541,84,379,339,1029,212
1545,Midsund,2004,186,159,472,140,190,163,532,83,376,322,1004,223
1545,Midsund,2005,192,163,476,132,190,165,532,89,382,328,1008,221
1545,Midsund,2006,189,165,467,126,194,165,526,91,383,330,993,217
1545,Midsund,2007,194,151,474,121,194,151,532,93,388,302,1006,214
1545,Midsund,2008,196,148,466,127,196,142,535,91,392,290,1001,218
1545,Midsund,2009,196,147,474,125,199,148,544,89,395,295,1018,214
1545,Midsund,2010,197,146,482,127,203,157,554,86,400,303,1036,213
1545,Midsund,2011,197,137,493,126,214,159,553,89,411,296,1046,215
1545,Midsund,2012,199,143,500,124,215,167,553,87,414,310,1053,211
1545,Midsund,2013,197,158,502,127,207,173,556,90,404,331,1058,217
1545,Midsund,2014,194,164,511,123,210,177,565,92,404,341,1076,215
1546,Sandøy,1999,110,135,347,106,116,137,350,58,226,272,697,164
1546,Sandøy,2000,113,126,341,105,105,135,349,58,218,261,690,163
1546,Sandøy,2001,104,130,333,104,105,133,349,60,209,263,682,164
1546,Sandøy,2002,110,124,329,109,102,124,349,58,212,248,678,167
1546,Sandøy,2003,107,112,330,109,99,127,354,57,206,239,684,166
1546,Sandøy,2004,103,107,329,112,102,118,352,56,205,225,681,168
1546,Sandøy,2005,106,99,331,114,110,112,344,58,216,211,675,172
1546,Sandøy,2006,102,96,331,112,111,103,356,59,213,199,687,171
1546,Sandøy,2007,104,95,331,108,120,101,358,59,224,196,689,167
1546,Sandøy,2008,102,92,340,107,117,105,357,61,219,197,697,168
1546,Sandøy,2009,108,89,348,106,125,108,364,59,233,197,712,165
1546,Sandøy,2010,117,89,340,106,135,103,370,60,252,192,710,166
1546,Sandøy,2011,115,92,342,108,135,114,370,56,250,206,712,164
1546,Sandøy,2012,110,91,339,108,141,104,371,51,251,195,710,159
1546,Sandøy,2013,99,95,338,101,138,103,367,50,237,198,705,151
1546,Sandøy,2014,90,97,338,98,132,110,365,55,222,207,703,153
1547,Aukra,1999,309,295,747,165,268,326,744,107,577,621,1491,272
1547,Aukra,2000,311,290,754,165,279,326,750,103,590,616,1504,268
1547,Aukra,2001,315,284,749,164,290,307,755,104,605,591,1504,268
1547,Aukra,2002,329,282,765,166,304,295,779,106,633,577,1544,272
1547,Aukra,2003,323,289,774,159,307,293,791,102,630,582,1565,261
1547,Aukra,2004,315,297,763,165,310,291,806,108,625,588,1569,273
1547,Aukra,2005,312,287,774,160,314,277,816,110,626,564,1590,270
1547,Aukra,2006,332,298,773,166,317,275,824,114,649,573,1597,280
1547,Aukra,2007,340,300,791,163,327,277,831,113,667,577,1622,276
1547,Aukra,2008,330,308,788,159,332,294,853,110,662,602,1641,269
1547,Aukra,2009,331,301,785,167,328,305,858,108,659,606,1643,275
1547,Aukra,2010,339,289,801,164,327,295,871,110,666,584,1672,274
1547,Aukra,2011,344,286,821,168,332,294,891,113,676,580,1712,281
1547,Aukra,2012,330,299,831,176,332,292,908,121,662,591,1739,297
1547,Aukra,2013,330,313,842,172,338,299,925,120,668,612,1767,292
1547,Aukra,2014,336,303,867,165,342,314,924,126,678,617,1791,291
1548,Fræna,1999,991,933,2155,404,1015,1022,2304,270,2006,1955,4459,674
1548,Fræna,2000,977,867,2189,406,978,986,2321,281,1955,1853,4510,687
1548,Fræna,2001,967,856,2218,418,988,971,2354,268,1955,1827,4572,686
1548,Fræna,2002,944,833,2228,414,959,939,2360,272,1903,1772,4588,686
1548,Fræna,2003,955,799,2247,410,958,919,2377,272,1913,1718,4624,682
1548,Fræna,2004,970,803,2276,411,963,916,2400,265,1933,1719,4676,676
1548,Fræna,2005,934,817,2287,415,958,907,2451,254,1892,1724,4738,669
1548,Fræna,2006,949,828,2315,418,934,921,2467,256,1883,1749,4782,674
1548,Fræna,2007,932,822,2332,413,942,937,2507,246,1874,1759,4839,659
1548,Fræna,2008,935,858,2369,398,939,903,2539,248,1874,1761,4908,646
1548,Fræna,2009,948,864,2402,404,926,918,2566,229,1874,1782,4968,633
1548,Fræna,2010,923,885,2416,402,956,943,2572,239,1879,1828,4988,641
1548,Fræna,2011,915,858,2441,399,904,963,2608,236,1819,1821,5049,635
1548,Fræna,2012,948,859,2494,392,909,953,2685,244,1857,1812,5179,636
1548,Fræna,2013,938,889,2526,399,923,965,2720,254,1861,1854,5246,653
1548,Fræna,2014,945,921,2548,402,929,961,2753,261,1874,1882,5301,663
1551,Eide,1999,341,316,741,135,331,331,811,86,672,647,1552,221
1551,Eide,2000,367,307,772,140,345,349,829,84,712,656,1601,224
1551,Eide,2001,364,303,779,149,346,341,852,90,710,644,1631,239
1551,Eide,2002,369,322,796,152,359,330,855,89,728,652,1651,241
1551,Eide,2003,362,310,804,155,357,309,849,89,719,619,1653,244
1551,Eide,2004,364,325,809,151,370,315,860,93,734,640,1669,244
1551,Eide,2005,362,320,809,161,370,318,865,99,732,638,1674,260
1551,Eide,2006,365,328,826,159,368,321,871,104,733,649,1697,263
1551,Eide,2007,362,329,838,159,372,320,878,107,734,649,1716,266
1551,Eide,2008,357,315,851,154,363,339,874,109,720,654,1725,263
1551,Eide,2009,335,307,836,161,359,330,879,109,694,637,1715,270
1551,Eide,2010,346,322,854,158,367,334,896,105,713,656,1750,263
1551,Eide,2011,366,318,871,154,374,345,902,108,740,663,1773,262
1551,Eide,2012,339,319,873,155,365,362,918,111,704,681,1791,266
1551,Eide,2013,339,315,890,149,376,357,938,112,715,672,1828,261
1551,Eide,2014,334,320,887,152,383,332,949,114,717,652,1836,266
1554,Averøy,1999,520,512,1348,302,563,590,1454,181,1083,1102,2802,483
1554,Averøy,2000,497,490,1355,305,558,571,1440,193,1055,1061,2795,498
1554,Averøy,2001,489,480,1363,301,580,555,1457,203,1069,1035,2820,504
1554,Averøy,2002,500,461,1383,310,574,535,1462,205,1074,996,2845,515
1554,Averøy,2003,506,455,1400,295,575,540,1486,205,1081,995,2886,500
1554,Averøy,2004,511,452,1405,313,563,532,1492,204,1074,984,2897,517
1554,Averøy,2005,486,460,1411,303,578,490,1513,207,1064,950,2924,510
1554,Averøy,2006,474,442,1391,299,559,486,1500,209,1033,928,2891,508
1554,Averøy,2007,481,425,1413,295,547,478,1520,208,1028,903,2933,503
1554,Averøy,2008,492,435,1423,279,538,483,1547,205,1030,918,2970,484
1554,Averøy,2009,490,416,1465,272,529,512,1559,201,1019,928,3024,473
1554,Averøy,2010,493,432,1487,264,533,495,1586,187,1026,927,3073,451
1554,Averøy,2011,506,432,1509,257,537,502,1606,171,1043,934,3115,428
1554,Averøy,2012,508,447,1508,252,551,525,1636,166,1059,972,3144,418
1554,Averøy,2013,493,459,1523,248,540,547,1667,174,1033,1006,3190,422
1554,Averøy,2014,517,451,1552,248,540,539,1662,178,1057,990,3214,426
1557,Gjemnes,1999,236,285,650,169,238,298,679,123,474,583,1329,292
1557,Gjemnes,2000,242,289,642,170,220,312,684,124,462,601,1326,294
1557,Gjemnes,2001,236,288,632,170,224,310,686,110,460,598,1318,280
1557,Gjemnes,2002,233,274,615,176,221,297,703,108,454,571,1318,284
1557,Gjemnes,2003,244,270,627,174,228,297,718,99,472,567,1345,273
1557,Gjemnes,2004,233,255,629,174,238,304,719,98,471,559,1348,272
1557,Gjemnes,2005,246,245,659,169,256,283,743,99,502,528,1402,268
1557,Gjemnes,2006,242,241,655,167,257,270,744,100,499,511,1399,267
1557,Gjemnes,2007,237,242,642,166,263,264,736,97,500,506,1378,263
1557,Gjemnes,2008,245,225,661,160,264,243,742,96,509,468,1403,256
1557,Gjemnes,2009,230,217,671,153,271,242,745,89,501,459,1416,242
1557,Gjemnes,2010,232,218,667,151,261,237,738,95,493,455,1405,246
1557,Gjemnes,2011,237,211,678,148,250,224,737,97,487,435,1415,245
1557,Gjemnes,2012,235,195,690,138,252,219,754,96,487,414,1444,234
1557,Gjemnes,2013,235,197,682,135,247,210,756,95,482,407,1438,230
1557,Gjemnes,2014,232,204,693,130,241,212,757,96,473,416,1450,226
1560,Tingvoll,1999,260,275,805,215,287,289,815,151,547,564,1620,366
1560,Tingvoll,2000,267,281,819,214,297,292,826,152,564,573,1645,366
1560,Tingvoll,2001,253,273,813,211,298,287,837,156,551,560,1650,367
1560,Tingvoll,2002,272,271,825,203,300,271,855,149,572,542,1680,352
1560,Tingvoll,2003,264,272,827,208,298,271,866,140,562,543,1693,348
1560,Tingvoll,2004,260,252,833,207,291,278,850,149,551,530,1683,356
1560,Tingvoll,2005,258,260,823,218,298,254,851,143,556,514,1674,361
1560,Tingvoll,2006,262,254,818,213,295,259,864,134,557,513,1682,347
1560,Tingvoll,2007,256,262,827,208,287,259,851,134,543,521,1678,342
1560,Tingvoll,2008,248,253,825,207,280,261,872,136,528,514,1697,343
1560,Tingvoll,2009,243,249,830,205,280,258,860,137,523,507,1690,342
1560,Tingvoll,2010,233,257,839,203,278,272,858,131,511,529,1697,334
1560,Tingvoll,2011,233,254,832,202,276,273,873,122,509,527,1705,324
1560,Tingvoll,2012,247,248,847,193,276,285,885,120,523,533,1732,313
1560,Tingvoll,2013,248,246,856,187,267,286,894,132,515,532,1750,319
1560,Tingvoll,2014,239,226,856,186,260,275,888,134,499,501,1744,320
1563,Sunndal,1999,653,654,1980,404,750,703,2041,246,1403,1357,4021,650
1563,Sunndal,2000,653,629,1962,418,760,672,2027,247,1413,1301,3989,665
1563,Sunndal,2001,661,636,1972,426,760,680,2039,252,1421,1316,4011,678
1563,Sunndal,2002,661,595,1958,439,740,651,2056,254,1401,1246,4014,693
1563,Sunndal,2003,660,589,1977,439,749,652,2068,271,1409,1241,4045,710
1563,Sunndal,2004,653,602,1963,454,751,659,2045,282,1404,1261,4008,736
1563,Sunndal,2005,626,599,1975,439,728,666,2046,291,1354,1265,4021,730
1563,Sunndal,2006,619,590,1972,444,713,665,2032,288,1332,1255,4004,732
1563,Sunndal,2007,629,574,1978,446,701,671,2056,278,1330,1245,4034,724
1563,Sunndal,2008,620,591,2003,442,702,673,2032,294,1322,1264,4035,736
1563,Sunndal,2009,612,610,1974,455,681,709,2022,284,1293,1319,3996,739
1563,Sunndal,2010,593,623,1963,454,654,706,2019,277,1247,1329,3982,731
1563,Sunndal,2011,601,603,1960,464,624,708,2029,278,1225,1311,3989,742
1563,Sunndal,2012,575,603,1965,448,594,720,2018,273,1169,1323,3983,721
1563,Sunndal,2013,572,601,1972,443,589,747,2027,254,1161,1348,3999,697
1563,Sunndal,2014,567,599,1965,440,581,755,2006,258,1148,1354,3971,698
1566,Surnadal,1999,566,561,1526,396,634,647,1651,265,1200,1208,3177,661
1566,Surnadal,2000,588,557,1524,394,641,623,1669,256,1229,1180,3193,650
1566,Surnadal,2001,577,564,1526,388,653,596,1685,259,1230,1160,3211,647
1566,Surnadal,2002,580,535,1553,386,653,570,1706,251,1233,1105,3259,637
1566,Surnadal,2003,588,536,1545,379,642,565,1706,247,1230,1101,3251,626
1566,Surnadal,2004,588,520,1577,378,633,556,1711,246,1221,1076,3288,624
1566,Surnadal,2005,586,511,1581,378,627,548,1681,248,1213,1059,3262,626
1566,Surnadal,2006,575,493,1586,380,615,523,1690,245,1190,1016,3276,625
1566,Surnadal,2007,560,486,1582,370,600,530,1684,237,1160,1016,3266,607
1566,Surnadal,2008,560,484,1593,358,594,548,1668,234,1154,1032,3261,592
1566,Surnadal,2009,536,482,1605,339,580,550,1680,228,1116,1032,3285,567
1566,Surnadal,2010,528,489,1581,326,561,564,1679,228,1089,1053,3260,554
1566,Surnadal,2011,519,493,1588,317,547,561,1697,227,1066,1054,3285,544
1566,Surnadal,2012,499,511,1604,298,519,581,1713,227,1018,1092,3317,525
1566,Surnadal,2013,489,504,1618,296,509,558,1731,222,998,1062,3349,518
1566,Surnadal,2014,497,508,1611,298,496,577,1745,222,993,1085,3356,520
1567,Rindal (-2018),1999,185,179,526,159,205,206,565,131,390,385,1091,290
1567,Rindal (-2018),2000,186,169,517,167,212,198,563,126,398,367,1080,293
1567,Rindal (-2018),2001,192,152,523,165,209,193,559,126,401,345,1082,291
1567,Rindal (-2018),2002,204,152,522,163,225,193,546,127,429,345,1068,290
1567,Rindal (-2018),2003,198,153,520,166,211,188,557,122,409,341,1077,288
1567,Rindal (-2018),2004,204,151,519,168,215,187,555,119,419,338,1074,287
1567,Rindal (-2018),2005,194,151,521,168,222,170,553,122,416,321,1074,290
1567,Rindal (-2018),2006,201,143,520,169,220,166,551,118,421,309,1071,287
1567,Rindal (-2018),2007,190,141,516,163,213,174,547,117,403,315,1063,280
1567,Rindal (-2018),2008,182,153,514,156,211,174,538,117,393,327,1052,273
1567,Rindal (-2018),2009,178,158,508,160,201,186,544,106,379,344,1052,266
1567,Rindal (-2018),2010,179,167,505,154,206,173,550,107,385,340,1055,261
1567,Rindal (-2018),2011,172,185,500,161,196,189,554,104,368,374,1054,265
1567,Rindal (-2018),2012,185,187,516,155,202,197,549,97,387,384,1065,252
1567,Rindal (-2018),2013,175,192,521,143,190,192,550,98,365,384,1071,241
1567,Rindal (-2018),2014,182,178,525,142,184,194,541,100,366,372,1066,242
1571,Halsa,1999,153,168,457,145,161,186,490,87,314,354,947,232
1571,Halsa,2000,157,153,450,136,143,188,494,87,300,341,944,223
1571,Halsa,2001,156,149,450,134,146,183,495,81,302,332,945,215
1571,Halsa,2002,148,146,433,140,146,167,490,80,294,313,923,220
1571,Halsa,2003,156,150,438,136,138,167,493,78,294,317,931,214
1571,Halsa,2004,145,135,437,132,135,168,485,77,280,303,922,209
1571,Halsa,2005,139,132,442,125,129,161,489,80,268,293,931,205
1571,Halsa,2006,139,130,446,123,120,158,494,83,259,288,940,206
1571,Halsa,2007,130,130,451,116,124,147,491,82,254,277,942,198
1571,Halsa,2008,132,125,455,116,129,148,488,78,261,273,943,194
1571,Halsa,2009,129,121,446,112,130,140,492,77,259,261,938,189
1571,Halsa,2010,131,123,450,110,136,129,506,65,267,252,956,175
1571,Halsa,2011,129,132,451,112,136,133,498,70,265,265,949,182
1571,Halsa,2012,125,130,453,113,140,120,490,70,265,250,943,183
1571,Halsa,2013,117,123,433,121,141,118,486,67,258,241,919,188
1571,Halsa,2014,117,117,437,116,136,119,473,66,253,236,910,182
1573,Smøla,1999,190,196,628,162,217,253,690,96,407,449,1318,258
1573,Smøla,2000,198,199,633,159,210,247,686,100,408,446,1319,259
1573,Smøla,2001,198,195,625,155,206,249,672,107,404,444,1297,262
1573,Smøla,2002,199,192,611,145,195,234,658,95,394,426,1269,240
1573,Smøla,2003,191,183,594,149,189,206,662,92,380,389,1256,241
1573,Smøla,2004,195,170,588,149,185,201,660,100,380,371,1248,249
1573,Smøla,2005,189,171,570,154,176,188,650,97,365,359,1220,251
1573,Smøla,2006,185,176,571,157,170,180,647,106,355,356,1218,263
1573,Smøla,2007,181,164,565,159,162,184,650,100,343,348,1215,259
1573,Smøla,2008,177,156,564,164,165,179,631,101,342,335,1195,265
1573,Smøla,2009,170,155,574,153,157,181,637,92,327,336,1211,245
1573,Smøla,2010,169,168,576,151,163,187,634,95,332,355,1210,246
1573,Smøla,2011,173,165,570,151,168,179,629,102,341,344,1199,253
1573,Smøla,2012,184,174,581,147,170,181,643,102,354,355,1224,249
1573,Smøla,2013,180,173,584,150,166,179,650,98,346,352,1234,248
1573,Smøla,2014,171,172,586,145,164,181,646,101,335,353,1232,246
1601,Trondheim (-2017),1999,14342,15302,39233,6390,14672,15484,38298,3466,29014,30786,77531,9856
1601,Trondheim (-2017),2000,14590,15102,39755,6535,14928,15456,38913,3580,29518,30558,78668,10115
1601,Trondheim (-2017),2001,14715,15096,40103,6625,15095,15441,39450,3641,29810,30537,79553,10266
1601,Trondheim (-2017),2002,14831,15064,40504,6720,15246,15376,39949,3718,30077,30440,80453,10438
1601,Trondheim (-2017),2003,14834,15267,40842,6716,15328,15579,40365,3768,30162,30846,81207,10484
1601,Trondheim (-2017),2004,14704,15605,41313,6727,15337,15857,41025,3783,30041,31462,82338,10510
1601,Trondheim (-2017),2005,14704,15793,41897,6748,15333,16179,41678,3829,30037,31972,83575,10577
1601,Trondheim (-2017),2006,14793,16276,42446,6724,15345,16732,42480,3817,30138,33008,84926,10541
1601,Trondheim (-2017),2007,14867,17041,43001,6701,15399,17719,43178,3824,30266,34760,86179,10525
1601,Trondheim (-2017),2008,15066,17696,43540,6689,15521,18713,44118,3848,30587,36409,87658,10537
1601,Trondheim (-2017),2009,15201,18331,44198,6605,15741,19386,44937,3858,30942,37717,89135,10463
1601,Trondheim (-2017),2010,15280,18731,44822,6549,16015,19911,45731,3897,31295,38642,90553,10446
1601,Trondheim (-2017),2011,15358,19209,45442,6504,16150,20458,46525,3840,31508,39667,91967,10344
1601,Trondheim (-2017),2012,15362,19812,46090,6424,16208,21320,47265,3867,31570,41132,93355,10291
1601,Trondheim (-2017),2013,15524,20374,46866,6373,16247,22137,48262,3909,31771,42511,95128,10282
1601,Trondheim (-2017),2014,15532,20630,47518,6362,16292,22607,49088,4006,31824,43237,96606,10368
1612,Hemne (-2017),1999,455,412,1071,217,453,433,1160,130,908,845,2231,347
1612,Hemne (-2017),2000,454,398,1082,212,462,422,1166,128,916,820,2248,340
1612,Hemne (-2017),2001,478,369,1095,219,474,398,1197,128,952,767,2292,347
1612,Hemne (-2017),2002,456,373,1100,214,456,381,1163,135,912,754,2263,349
1612,Hemne (-2017),2003,454,374,1108,224,453,386,1173,140,907,760,2281,364
1612,Hemne (-2017),2004,449,357,1112,225,454,375,1174,148,903,732,2286,373
1612,Hemne (-2017),2005,449,352,1121,227,431,371,1178,148,880,723,2299,375
1612,Hemne (-2017),2006,451,352,1126,230,439,369,1175,151,890,721,2301,381
1612,Hemne (-2017),2007,426,367,1124,218,421,385,1164,142,847,752,2288,360
1612,Hemne (-2017),2008,411,368,1119,213,421,394,1156,152,832,762,2275,365
1612,Hemne (-2017),2009,417,357,1132,205,409,399,1156,150,826,756,2288,355
1612,Hemne (-2017),2010,397,383,1120,208,389,405,1150,155,786,788,2270,363
1612,Hemne (-2017),2011,387,393,1127,215,396,387,1176,151,783,780,2303,366
1612,Hemne (-2017),2012,376,387,1139,209,387,396,1171,156,763,783,2310,365
1612,Hemne (-2017),2013,371,392,1153,203,385,397,1164,163,756,789,2317,366
1612,Hemne (-2017),2014,369,400,1133,211,358,425,1172,156,727,825,2305,367
1613,Snillfjord (-2017),1999,95,88,256,91,118,101,298,64,213,189,554,155
1613,Snillfjord (-2017),2000,94,85,254,85,119,95,296,65,213,180,550,150
1613,Snillfjord (-2017),2001,94,82,249,81,121,95,301,61,215,177,550,142
1613,Snillfjord (-2017),2002,88,78,249,74,120,83,300,64,208,161,549,138
1613,Snillfjord (-2017),2003,87,71,251,69,121,84,287,59,208,155,538,128
1613,Snillfjord (-2017),2004,84,77,250,68,131,77,287,59,215,154,537,127
1613,Snillfjord (-2017),2005,85,71,252,70,121,84,287,56,206,155,539,126
1613,Snillfjord (-2017),2006,86,72,258,71,127,87,289,56,213,159,547,127
1613,Snillfjord (-2017),2007,82,70,254,69,118,87,285,56,200,157,539,125
1613,Snillfjord (-2017),2008,82,71,251,70,113,89,288,58,195,160,539,128
1613,Snillfjord (-2017),2009,64,70,246,66,106,85,296,55,170,155,542,121
1613,Snillfjord (-2017),2010,63,75,251,64,103,96,291,55,166,171,542,119
1613,Snillfjord (-2017),2011,69,71,255,60,99,96,285,57,168,167,540,117
1613,Snillfjord (-2017),2012,66,69,261,58,94,99,279,55,160,168,540,113
1613,Snillfjord (-2017),2013,59,67,259,59,90,104,292,55,149,171,551,114
1613,Snillfjord (-2017),2014,60,68,257,55,87,105,296,52,147,173,553,107
1617,Hitra (-2017),1999,375,349,1029,265,402,423,1084,142,777,772,2113,407
1617,Hitra (-2017),2000,365,332,1032,261,392,420,1092,144,757,752,2124,405
1617,Hitra (-2017),2001,392,332,1053,260,383,426,1098,152,775,758,2151,412
1617,Hitra (-2017),2002,388,314,1055,257,376,408,1103,150,764,722,2158,407
1617,Hitra (-2017),2003,382,310,1071,255,370,392,1120,148,752,702,2191,403
1617,Hitra (-2017),2004,390,306,1083,249,399,373,1131,159,789,679,2214,408
1617,Hitra (-2017),2005,376,298,1073,256,388,363,1107,164,764,661,2180,420
1617,Hitra (-2017),2006,358,304,1097,243,374,367,1116,162,732,671,2213,405
1617,Hitra (-2017),2007,358,289,1097,246,371,363,1148,156,729,652,2245,402
1617,Hitra (-2017),2008,374,312,1108,242,378,364,1197,157,752,676,2305,399
1617,Hitra (-2017),2009,364,319,1113,233,375,364,1230,147,739,683,2343,380
1617,Hitra (-2017),2010,350,338,1132,235,376,399,1273,153,726,737,2405,388
1617,Hitra (-2017),2011,346,353,1146,230,379,430,1297,159,725,783,2443,389
1617,Hitra (-2017),2012,339,372,1160,229,378,418,1350,153,717,790,2510,382
1617,Hitra (-2017),2013,330,397,1175,221,391,425,1390,148,721,822,2565,369
1617,Hitra (-2017),2014,324,422,1187,221,380,440,1403,145,704,862,2590,366
1620,Frøya (-2017),1999,399,384,1024,249,370,422,1108,163,769,806,2132,412
1620,Frøya (-2017),2000,406,377,1024,254,374,404,1112,164,780,781,2136,418
1620,Frøya (-2017),2001,390,375,1027,251,388,398,1121,163,778,773,2148,414
1620,Frøya (-2017),2002,402,369,1024,248,393,388,1114,169,795,757,2138,417
1620,Frøya (-2017),2003,408,379,1039,255,392,387,1127,159,800,766,2166,414
1620,Frøya (-2017),2004,396,369,1039,256,381,370,1132,164,777,739,2171,420
1620,Frøya (-2017),2005,381,370,1035,266,390,375,1122,175,771,745,2157,441
1620,Frøya (-2017),2006,383,340,1041,265,389,347,1124,170,772,687,2165,435
1620,Frøya (-2017),2007,379,339,1043,270,374,338,1138,171,753,677,2181,441
1620,Frøya (-2017),2008,381,385,1045,275,375,355,1156,172,756,740,2201,447
1620,Frøya (-2017),2009,385,367,1072,266,376,379,1190,180,761,746,2262,446
1620,Frøya (-2017),2010,390,381,1083,264,378,416,1217,185,768,797,2300,449
1620,Frøya (-2017),2011,382,393,1094,259,385,398,1238,177,767,791,2332,436
1620,Frøya (-2017),2012,366,406,1115,248,387,413,1259,175,753,819,2374,423
1620,Frøya (-2017),2013,387,440,1125,246,390,452,1295,171,777,892,2420,417
1620,Frøya (-2017),2014,375,451,1140,237,388,450,1334,172,763,901,2474,409
1621,Ørland (-2017),1999,552,490,1267,219,585,455,1346,132,1137,945,2613,351
1621,Ørland (-2017),2000,537,492,1285,215,589,426,1362,131,1126,918,2647,346
1621,Ørland (-2017),2001,544,484,1297,222,590,422,1365,133,1134,906,2662,355
1621,Ørland (-2017),2002,539,465,1328,220,590,435,1369,139,1129,900,2697,359
1621,Ørland (-2017),2003,535,467,1333,218,578,469,1382,137,1113,936,2715,355
1621,Ørland (-2017),2004,549,475,1359,218,563,483,1379,143,1112,958,2738,361
1621,Ørland (-2017),2005,530,469,1358,223,541,504,1366,145,1071,973,2724,368
1621,Ørland (-2017),2006,515,464,1365,221,521,495,1389,143,1036,959,2754,364
1621,Ørland (-2017),2007,491,471,1366,232,518,477,1386,150,1009,948,2752,382
1621,Ørland (-2017),2008,463,435,1354,230,511,480,1400,152,974,915,2754,382
1621,Ørland (-2017),2009,456,453,1343,237,481,510,1391,162,937,963,2734,399
1621,Ørland (-2017),2010,457,468,1361,242,481,551,1396,165,938,1019,2757,407
1621,Ørland (-2017),2011,457,457,1384,236,462,564,1404,169,919,1021,2788,405
1621,Ørland (-2017),2012,439,477,1361,246,451,550,1419,176,890,1027,2780,422
1621,Ørland (-2017),2013,426,513,1371,246,447,564,1404,184,873,1077,2775,430
1621,Ørland (-2017),2014,427,499,1391,251,446,556,1408,186,873,1055,2799,437
1622,Agdenes (-2017),1999,171,167,441,110,165,167,488,85,336,334,929,195
1622,Agdenes (-2017),2000,180,161,446,104,164,161,490,77,344,322,936,181
1622,Agdenes (-2017),2001,179,161,451,109,176,157,498,78,355,318,949,187
1622,Agdenes (-2017),2002,179,155,463,115,165,158,491,81,344,313,954,196
1622,Agdenes (-2017),2003,175,153,469,119,164,152,488,88,339,305,957,207
1622,Agdenes (-2017),2004,175,150,457,123,164,148,484,94,339,298,941,217
1622,Agdenes (-2017),2005,168,153,460,125,162,155,477,99,330,308,937,224
1622,Agdenes (-2017),2006,161,154,455,122,161,155,474,97,322,309,929,219
1622,Agdenes (-2017),2007,157,159,459,118,157,152,469,104,314,311,928,222
1622,Agdenes (-2017),2008,149,153,453,125,153,159,465,101,302,312,918,226
1622,Agdenes (-2017),2009,142,151,448,120,147,164,457,103,289,315,905,223
1622,Agdenes (-2017),2010,131,149,455,123,133,166,466,96,264,315,921,219
1622,Agdenes (-2017),2011,142,156,445,124,137,173,474,94,279,329,919,218
1622,Agdenes (-2017),2012,134,146,436,132,123,179,478,87,257,325,914,219
1622,Agdenes (-2017),2013,128,146,437,131,124,175,482,89,252,321,919,220
1622,Agdenes (-2017),2014,130,151,445,131,132,169,496,90,262,320,941,221
1624,Rissa (-2017),1999,623,613,1538,410,658,696,1649,260,1281,1309,3187,670
1624,Rissa (-2017),2000,641,602,1545,422,677,691,1677,248,1318,1293,3222,670
1624,Rissa (-2017),2001,656,569,1562,422,696,663,1686,247,1352,1232,3248,669
1624,Rissa (-2017),2002,647,545,1573,421,686,640,1699,238,1333,1185,3272,659
1624,Rissa (-2017),2003,637,525,1589,413,699,588,1681,250,1336,1113,3270,663
1624,Rissa (-2017),2004,640,499,1628,395,712,565,1696,249,1352,1064,3324,644
1624,Rissa (-2017),2005,625,529,1631,402,698,570,1709,269,1323,1099,3340,671
1624,Rissa (-2017),2006,609,528,1614,405,694,565,1745,257,1303,1093,3359,662
1624,Rissa (-2017),2007,586,505,1652,375,684,568,1741,255,1270,1073,3393,630
1624,Rissa (-2017),2008,583,506,1658,367,664,549,1782,257,1247,1055,3440,624
1624,Rissa (-2017),2009,589,516,1672,367,655,560,1788,242,1244,1076,3460,609
1624,Rissa (-2017),2010,587,513,1703,361,637,584,1819,238,1224,1097,3522,599
1624,Rissa (-2017),2011,579,554,1701,350,635,638,1848,238,1214,1192,3549,588
1624,Rissa (-2017),2012,578,548,1714,351,638,609,1855,250,1216,1157,3569,601
1624,Rissa (-2017),2013,569,557,1717,353,634,626,1953,243,1203,1183,3670,596
1624,Rissa (-2017),2014,555,576,1725,343,625,622,1957,243,1180,1198,3682,586
1627,Bjugn (-2017),1999,446,444,1199,255,435,462,1273,175,881,906,2472,430
1627,Bjugn (-2017),2000,460,437,1219,253,430,459,1263,175,890,896,2482,428
1627,Bjugn (-2017),2001,468,431,1212,253,416,440,1263,174,884,871,2475,427
1627,Bjugn (-2017),2002,489,394,1229,256,443,427,1269,170,932,821,2498,426
1627,Bjugn (-2017),2003,465,391,1221,266,438,417,1283,174,903,808,2504,440
1627,Bjugn (-2017),2004,470,398,1231,262,450,419,1311,176,920,817,2542,438
1627,Bjugn (-2017),2005,454,389,1238,274,445,405,1301,179,899,794,2539,453
1627,Bjugn (-2017),2006,431,391,1237,270,416,406,1305,178,847,797,2542,448
1627,Bjugn (-2017),2007,421,375,1227,268,404,396,1288,182,825,771,2515,450
1627,Bjugn (-2017),2008,413,388,1249,262,419,388,1307,178,832,776,2556,440
1627,Bjugn (-2017),2009,390,396,1242,255,408,391,1286,172,798,787,2528,427
1627,Bjugn (-2017),2010,387,407,1241,253,417,377,1300,166,804,784,2541,419
1627,Bjugn (-2017),2011,397,411,1244,251,414,381,1309,163,811,792,2553,414
1627,Bjugn (-2017),2012,401,407,1265,245,408,386,1302,170,809,793,2567,415
1627,Bjugn (-2017),2013,403,402,1293,248,424,399,1326,170,827,801,2619,418
1627,Bjugn (-2017),2014,401,420,1279,249,432,408,1338,184,833,828,2617,433
1630,Åfjord (-2017),1999,305,300,852,198,369,337,936,115,674,637,1788,313
1630,Åfjord (-2017),2000,306,287,859,201,368,313,952,117,674,600,1811,318
1630,Åfjord (-2017),2001,320,278,857,203,361,306,952,121,681,584,1809,324
1630,Åfjord (-2017),2002,309,257,865,207,353,285,965,121,662,542,1830,328
1630,Åfjord (-2017),2003,301,237,868,203,358,285,960,124,659,522,1828,327
1630,Åfjord (-2017),2004,294,224,872,212,360,272,965,123,654,496,1837,335
1630,Åfjord (-2017),2005,289,226,866,215,363,281,965,132,652,507,1831,347
1630,Åfjord (-2017),2006,276,224,875,209,356,269,968,138,632,493,1843,347
1630,Åfjord (-2017),2007,273,220,867,203,333,266,948,148,606,486,1815,351
1630,Åfjord (-2017),2008,270,216,872,197,323,266,943,145,593,482,1815,342
1630,Åfjord (-2017),2009,262,224,872,199,315,276,934,155,577,500,1806,354
1630,Åfjord (-2017),2010,258,221,869,205,290,293,931,153,548,514,1800,358
1630,Åfjord (-2017),2011,243,232,869,209,289,298,934,155,532,530,1803,364
1630,Åfjord (-2017),2012,236,250,872,209,284,322,930,154,520,572,1802,363
1630,Åfjord (-2017),2013,240,241,876,218,267,327,918,150,507,568,1794,368
1630,Åfjord (-2017),2014,238,244,883,225,257,338,910,147,495,582,1793,372
1632,Roan (-2017),1999,107,94,282,81,99,113,306,65,206,207,588,146
1632,Roan (-2017),2000,111,82,280,78,94,107,298,71,205,189,578,149
1632,Roan (-2017),2001,114,88,281,76,92,102,301,76,206,190,582,152
1632,Roan (-2017),2002,115,76,284,77,85,94,306,74,200,170,590,151
1632,Roan (-2017),2003,106,75,281,77,86,87,303,74,192,162,584,151
1632,Roan (-2017),2004,104,68,276,78,86,88,300,73,190,156,576,151
1632,Roan (-2017),2005,107,72,278,79,81,91,300,66,188,163,578,145
1632,Roan (-2017),2006,103,73,281,77,84,87,296,65,187,160,577,142
1632,Roan (-2017),2007,95,71,276,73,78,84,289,64,173,155,565,137
1632,Roan (-2017),2008,90,76,259,77,77,76,291,61,167,152,550,138
1632,Roan (-2017),2009,88,79,267,74,74,83,285,60,162,162,552,134
1632,Roan (-2017),2010,78,80,270,70,73,78,291,59,151,158,561,129
1632,Roan (-2017),2011,71,84,273,65,72,78,298,53,143,162,571,118
1632,Roan (-2017),2012,60,90,268,65,70,84,302,48,130,174,570,113
1632,Roan (-2017),2013,57,92,270,67,77,78,308,47,134,170,578,114
1632,Roan (-2017),2014,62,86,273,64,77,85,300,39,139,171,573,103
1633,Osen (-2017),1999,121,115,286,83,101,113,318,69,222,228,604,152
1633,Osen (-2017),2000,118,117,279,86,97,114,318,65,215,231,597,151
1633,Osen (-2017),2001,112,114,274,90,100,106,313,67,212,220,587,157
1633,Osen (-2017),2002,106,106,278,85,93,108,310,66,199,214,588,151
1633,Osen (-2017),2003,90,103,267,81,82,108,303,63,172,211,570,144
1633,Osen (-2017),2004,88,91,261,72,79,101,303,60,167,192,564,132
1633,Osen (-2017),2005,93,86,266,69,82,87,308,61,175,173,574,130
1633,Osen (-2017),2006,99,80,270,70,84,89,308,59,183,169,578,129
1633,Osen (-2017),2007,88,82,267,70,88,87,309,60,176,169,576,130
1633,Osen (-2017),2008,91,68,266,76,83,85,314,58,174,153,580,134
1633,Osen (-2017),2009,85,66,262,74,84,84,314,59,169,150,576,133
1633,Osen (-2017),2010,91,73,259,74,84,79,315,58,175,152,574,132
1633,Osen (-2017),2011,87,70,262,74,85,82,309,56,172,152,571,130
1633,Osen (-2017),2012,81,69,268,71,86,78,309,58,167,147,577,129
1633,Osen (-2017),2013,79,72,268,61,80,77,312,61,159,149,580,122
1633,Osen (-2017),2014,72,75,262,62,81,76,302,67,153,151,564,129
1634,Oppdal (-2017),1999,621,584,1613,335,648,601,1645,201,1269,1185,3258,536
1634,Oppdal (-2017),2000,624,568,1634,346,648,600,1663,205,1272,1168,3297,551
1634,Oppdal (-2017),2001,635,568,1652,335,662,603,1661,211,1297,1171,3313,546
1634,Oppdal (-2017),2002,652,547,1682,338,672,598,1690,200,1324,1145,3372,538
1634,Oppdal (-2017),2003,655,549,1721,342,683,578,1713,200,1338,1127,3434,542
1634,Oppdal (-2017),2004,652,543,1742,344,676,580,1718,201,1328,1123,3460,545
1634,Oppdal (-2017),2005,637,550,1754,352,669,579,1729,203,1306,1129,3483,555
1634,Oppdal (-2017),2006,616,572,1768,349,666,576,1745,207,1282,1148,3513,556
1634,Oppdal (-2017),2007,621,566,1782,352,656,588,1757,209,1277,1154,3539,561
1634,Oppdal (-2017),2008,614,558,1795,353,652,605,1778,209,1266,1163,3573,562
1634,Oppdal (-2017),2009,608,584,1811,360,636,607,1810,213,1244,1191,3621,573
1634,Oppdal (-2017),2010,587,582,1818,339,630,602,1826,219,1217,1184,3644,558
1634,Oppdal (-2017),2011,609,593,1837,345,628,627,1823,229,1237,1220,3660,574
1634,Oppdal (-2017),2012,608,595,1853,348,626,644,1843,238,1234,1239,3696,586
1634,Oppdal (-2017),2013,618,608,1864,334,616,637,1880,237,1234,1245,3744,571
1634,Oppdal (-2017),2014,587,625,1873,340,604,645,1898,242,1191,1270,3771,582
1635,Rennebu (-2017),1999,247,218,718,191,277,250,711,124,524,468,1429,315
1635,Rennebu (-2017),2000,249,201,719,195,276,233,717,110,525,434,1436,305
1635,Rennebu (-2017),2001,242,210,703,202,281,239,710,115,523,449,1413,317
1635,Rennebu (-2017),2002,238,211,692,195,270,241,710,118,508,452,1402,313
1635,Rennebu (-2017),2003,228,219,687,201,266,231,721,107,494,450,1408,308
1635,Rennebu (-2017),2004,234,204,704,190,267,227,725,103,501,431,1429,293
1635,Rennebu (-2017),2005,242,205,702,194,258,230,723,106,500,435,1425,300
1635,Rennebu (-2017),2006,244,207,699,186,248,236,727,106,492,443,1426,292
1635,Rennebu (-2017),2007,227,214,699,181,249,225,728,112,476,439,1427,293
1635,Rennebu (-2017),2008,208,197,708,180,244,212,725,120,452,409,1433,300
1635,Rennebu (-2017),2009,210,200,721,178,238,225,727,122,448,425,1448,300
1635,Rennebu (-2017),2010,212,200,717,176,235,233,733,116,447,433,1450,292
1635,Rennebu (-2017),2011,212,199,717,179,235,238,728,121,447,437,1445,300
1635,Rennebu (-2017),2012,206,177,719,164,224,236,725,118,430,413,1444,282
1635,Rennebu (-2017),2013,191,182,703,159,214,246,728,111,405,428,1431,270
1635,Rennebu (-2017),2014,193,210,693,149,218,241,736,116,411,451,1429,265
1636,Meldal (-2017),1999,337,347,1006,334,342,368,1077,187,679,715,2083,521
1636,Meldal (-2017),2000,336,331,1020,340,339,375,1059,191,675,706,2079,531
1636,Meldal (-2017),2001,349,319,1036,341,353,367,1074,189,702,686,2110,530
1636,Meldal (-2017),2002,353,303,1032,332,344,345,1090,196,697,648,2122,528
1636,Meldal (-2017),2003,358,310,1032,329,331,340,1088,206,689,650,2120,535
1636,Meldal (-2017),2004,343,313,1020,317,330,336,1076,212,673,649,2096,529
1636,Meldal (-2017),2005,344,301,1030,314,320,334,1083,208,664,635,2113,522
1636,Meldal (-2017),2006,345,287,1017,318,319,311,1088,218,664,598,2105,536
1636,Meldal (-2017),2007,337,284,1020,321,312,324,1087,215,649,608,2107,536
1636,Meldal (-2017),2008,328,293,1008,310,306,334,1082,210,634,627,2090,520
1636,Meldal (-2017),2009,335,299,1012,307,304,340,1100,202,639,639,2112,509
1636,Meldal (-2017),2010,333,302,1024,299,303,348,1114,197,636,650,2138,496
1636,Meldal (-2017),2011,336,313,1030,283,303,343,1106,189,639,656,2136,472
1636,Meldal (-2017),2012,322,325,1042,274,310,352,1117,182,632,677,2159,456
1636,Meldal (-2017),2013,334,353,1045,261,315,372,1116,171,649,725,2161,432
1636,Meldal (-2017),2014,329,356,1037,252,320,363,1130,175,649,719,2167,427
1638,Orkdal (-2017),1999,931,959,2691,542,1020,1045,2628,348,1951,2004,5319,890
1638,Orkdal (-2017),2000,976,933,2709,544,1030,1045,2676,337,2006,1978,5385,881
1638,Orkdal (-2017),2001,968,938,2759,532,1047,1022,2695,339,2015,1960,5454,871
1638,Orkdal (-2017),2002,968,942,2788,552,1065,1011,2721,334,2033,1953,5509,886
1638,Orkdal (-2017),2003,975,902,2834,530,1044,1010,2784,309,2019,1912,5618,839
1638,Orkdal (-2017),2004,952,948,2846,527,1038,1018,2806,313,1990,1966,5652,840
1638,Orkdal (-2017),2005,930,960,2859,527,1046,1029,2850,311,1976,1989,5709,838
1638,Orkdal (-2017),2006,952,954,2910,530,1047,1028,2902,309,1999,1982,5812,839
1638,Orkdal (-2017),2007,973,993,2924,536,1075,1049,2942,320,2048,2042,5866,856
1638,Orkdal (-2017),2008,977,1024,2974,539,1101,1092,2977,334,2078,2116,5951,873
1638,Orkdal (-2017),2009,993,1043,3000,538,1120,1096,3025,345,2113,2139,6025,883
1638,Orkdal (-2017),2010,1017,1031,3035,537,1142,1092,3070,352,2159,2123,6105,889
1638,Orkdal (-2017),2011,1028,1041,3073,527,1143,1088,3113,352,2171,2129,6186,879
1638,Orkdal (-2017),2012,1021,1040,3088,516,1148,1099,3176,341,2169,2139,6264,857
1638,Orkdal (-2017),2013,1045,1015,3150,519,1153,1056,3242,339,2198,2071,6392,858
1638,Orkdal (-2017),2014,1056,1004,3195,531,1164,1056,3272,350,2220,2060,6467,881
1640,Røros (-2017),1999,484,472,1441,385,507,527,1478,230,991,999,2919,615
1640,Røros (-2017),2000,492,460,1472,380,531,498,1493,219,1023,958,2965,599
1640,Røros (-2017),2001,516,469,1479,365,542,505,1504,214,1058,974,2983,579
1640,Røros (-2017),2002,512,459,1508,357,522,513,1520,206,1034,972,3028,563
1640,Røros (-2017),2003,515,443,1519,351,528,498,1535,210,1043,941,3054,561
1640,Røros (-2017),2004,520,437,1529,357,526,509,1541,213,1046,946,3070,570
1640,Røros (-2017),2005,508,443,1550,358,540,478,1552,207,1048,921,3102,565
1640,Røros (-2017),2006,505,441,1562,361,525,488,1548,209,1030,929,3110,570
1640,Røros (-2017),2007,515,434,1591,355,523,466,1570,217,1038,900,3161,572
1640,Røros (-2017),2008,501,427,1584,356,500,478,1553,221,1001,905,3137,577
1640,Røros (-2017),2009,493,420,1577,343,483,472,1542,233,976,892,3119,576
1640,Røros (-2017),2010,469,433,1582,343,490,473,1565,221,959,906,3147,564
1640,Røros (-2017),2011,467,457,1590,324,475,480,1571,217,942,937,3161,541
1640,Røros (-2017),2012,440,481,1614,318,460,508,1558,225,900,989,3172,543
1640,Røros (-2017),2013,424,474,1624,313,453,507,1576,218,877,981,3200,531
1640,Røros (-2017),2014,410,488,1627,309,437,504,1581,227,847,992,3208,536
1644,Holtålen (-2017),1999,196,196,563,200,185,188,593,142,381,384,1156,342
1644,Holtålen (-2017),2000,201,187,564,198,184,185,589,131,385,372,1153,329
1644,Holtålen (-2017),2001,203,165,558,199,184,179,585,125,387,344,1143,324
1644,Holtålen (-2017),2002,190,175,561,189,188,174,594,122,378,349,1155,311
1644,Holtålen (-2017),2003,193,170,569,175,190,164,603,113,383,334,1172,288
1644,Holtålen (-2017),2004,196,160,571,175,194,156,616,104,390,316,1187,279
1644,Holtålen (-2017),2005,189,157,563,163,184,161,615,100,373,318,1178,263
1644,Holtålen (-2017),2006,183,149,564,157,177,153,601,103,360,302,1165,260
1644,Holtålen (-2017),2007,178,152,565,146,176,156,600,103,354,308,1165,249
1644,Holtålen (-2017),2008,170,166,563,147,175,149,598,101,345,315,1161,248
1644,Holtålen (-2017),2009,173,161,562,139,169,162,604,94,342,323,1166,233
1644,Holtålen (-2017),2010,171,178,562,133,160,158,609,93,331,336,1171,226
1644,Holtålen (-2017),2011,174,170,571,122,154,154,613,90,328,324,1184,212
1644,Holtålen (-2017),2012,161,171,565,117,150,156,601,92,311,327,1166,209
1644,Holtålen (-2017),2013,169,170,566,113,145,164,607,96,314,334,1173,209
1644,Holtålen (-2017),2014,168,174,567,115,128,175,598,99,296,349,1165,214
1648,Midtre Gauldal (-2017),1999,530,518,1405,405,592,573,1487,266,1122,1091,2892,671
1648,Midtre Gauldal (-2017),2000,533,504,1422,392,607,568,1492,261,1140,1072,2914,653
1648,Midtre Gauldal (-2017),2001,546,476,1455,393,609,550,1504,250,1155,1026,2959,643
1648,Midtre Gauldal (-2017),2002,567,459,1461,383,614,557,1538,240,1181,1016,2999,623
1648,Midtre Gauldal (-2017),2003,575,461,1450,376,634,539,1552,237,1209,1000,3002,613
1648,Midtre Gauldal (-2017),2004,563,461,1468,372,602,549,1559,232,1165,1010,3027,604
1648,Midtre Gauldal (-2017),2005,548,463,1477,374,595,555,1552,233,1143,1018,3029,607
1648,Midtre Gauldal (-2017),2006,546,489,1489,377,596,566,1577,233,1142,1055,3066,610
1648,Midtre Gauldal (-2017),2007,543,483,1502,377,577,571,1603,233,1120,1054,3105,610
1648,Midtre Gauldal (-2017),2008,539,514,1509,373,568,569,1593,245,1107,1083,3102,618
1648,Midtre Gauldal (-2017),2009,506,549,1536,356,565,579,1610,249,1071,1128,3146,605
1648,Midtre Gauldal (-2017),2010,495,570,1556,350,557,615,1619,250,1052,1185,3175,600
1648,Midtre Gauldal (-2017),2011,503,582,1563,329,545,641,1614,238,1048,1223,3177,567
1648,Midtre Gauldal (-2017),2012,508,603,1617,319,557,655,1654,240,1065,1258,3271,559
1648,Midtre Gauldal (-2017),2013,520,610,1670,310,557,655,1701,243,1077,1265,3371,553
1648,Midtre Gauldal (-2017),2014,528,633,1694,314,542,675,1734,241,1070,1308,3428,555
1653,Melhus (-2017),1999,1362,1306,3262,517,1443,1416,3405,336,2805,2722,6667,853
1653,Melhus (-2017),2000,1394,1267,3308,523,1491,1378,3482,326,2885,2645,6790,849
1653,Melhus (-2017),2001,1417,1247,3378,522,1532,1337,3544,325,2949,2584,6922,847
1653,Melhus (-2017),2002,1418,1265,3428,518,1562,1303,3603,328,2980,2568,7031,846
1653,Melhus (-2017),2003,1434,1231,3523,513,1583,1291,3674,330,3017,2522,7197,843
1653,Melhus (-2017),2004,1475,1235,3582,528,1596,1262,3762,342,3071,2497,7344,870
1653,Melhus (-2017),2005,1466,1262,3661,537,1625,1250,3827,349,3091,2512,7488,886
1653,Melhus (-2017),2006,1443,1299,3722,538,1651,1275,3883,365,3094,2574,7605,903
1653,Melhus (-2017),2007,1460,1302,3778,536,1662,1263,3947,356,3122,2565,7725,892
1653,Melhus (-2017),2008,1456,1307,3793,539,1657,1284,4052,369,3113,2591,7845,908
1653,Melhus (-2017),2009,1458,1333,3802,552,1653,1353,4142,362,3111,2686,7944,914
1653,Melhus (-2017),2010,1454,1369,3857,569,1653,1410,4165,364,3107,2779,8022,933
1653,Melhus (-2017),2011,1496,1364,3939,566,1651,1447,4197,368,3147,2811,8136,934
1653,Melhus (-2017),2012,1517,1424,3977,583,1669,1537,4308,377,3186,2961,8285,960
1653,Melhus (-2017),2013,1551,1438,4073,603,1646,1580,4407,381,3197,3018,8480,984
1653,Melhus (-2017),2014,1559,1467,4125,630,1656,1578,4436,393,3215,3045,8561,1023
1657,Skaun (-2017),1999,679,563,1448,226,640,566,1526,174,1319,1129,2974,400
1657,Skaun (-2017),2000,672,543,1471,228,648,539,1558,184,1320,1082,3029,412
1657,Skaun (-2017),2001,672,532,1478,243,650,533,1572,184,1322,1065,3050,427
1657,Skaun (-2017),2002,674,536,1492,244,644,542,1590,200,1318,1078,3082,444
1657,Skaun (-2017),2003,694,538,1514,236,668,523,1629,201,1362,1061,3143,437
1657,Skaun (-2017),2004,669,515,1535,242,661,527,1650,190,1330,1042,3185,432
1657,Skaun (-2017),2005,665,537,1554,239,666,536,1680,186,1331,1073,3234,425
1657,Skaun (-2017),2006,671,545,1577,242,665,542,1714,190,1336,1087,3291,432
1657,Skaun (-2017),2007,665,549,1598,235,673,567,1742,182,1338,1116,3340,417
1657,Skaun (-2017),2008,676,568,1638,228,688,575,1771,182,1364,1143,3409,410
1657,Skaun (-2017),2009,689,566,1668,231,717,581,1794,191,1406,1147,3462,422
1657,Skaun (-2017),2010,702,610,1724,221,750,591,1835,193,1452,1201,3559,414
1657,Skaun (-2017),2011,724,604,1764,223,782,603,1867,189,1506,1207,3631,412
1657,Skaun (-2017),2012,737,630,1817,219,809,621,1920,188,1546,1251,3737,407
1657,Skaun (-2017),2013,751,636,1853,219,837,665,1994,188,1588,1301,3847,407
1657,Skaun (-2017),2014,764,663,1914,225,886,657,2084,199,1650,1320,3998,424
1662,Klæbu (-2017),1999,617,471,1203,133,604,492,1259,66,1221,963,2462,199
1662,Klæbu (-2017),2000,639,468,1213,113,604,475,1295,68,1243,943,2508,181
1662,Klæbu (-2017),2001,645,472,1251,101,641,484,1340,62,1286,956,2591,163
1662,Klæbu (-2017),2002,652,458,1272,99,662,473,1368,63,1314,931,2640,162
1662,Klæbu (-2017),2003,659,471,1316,101,700,480,1391,70,1359,951,2707,171
1662,Klæbu (-2017),2004,658,473,1346,112,713,462,1425,72,1371,935,2771,184
1662,Klæbu (-2017),2005,650,465,1361,116,708,475,1430,74,1358,940,2791,190
1662,Klæbu (-2017),2006,660,479,1378,119,690,491,1460,76,1350,970,2838,195
1662,Klæbu (-2017),2007,654,502,1403,116,695,529,1496,79,1349,1031,2899,195
1662,Klæbu (-2017),2008,659,511,1441,118,706,528,1515,80,1365,1039,2956,198
1662,Klæbu (-2017),2009,667,509,1474,123,718,550,1516,77,1385,1059,2990,200
1662,Klæbu (-2017),2010,686,554,1500,122,733,572,1550,84,1419,1126,3050,206
1662,Klæbu (-2017),2011,683,568,1539,120,740,581,1570,93,1423,1149,3109,213
1662,Klæbu (-2017),2012,656,577,1561,125,725,572,1620,94,1381,1149,3181,219
1662,Klæbu (-2017),2013,649,584,1567,130,710,595,1607,97,1359,1179,3174,227
1662,Klæbu (-2017),2014,639,585,1571,133,699,610,1632,101,1338,1195,3203,234
1663,Malvik (-2017),1999,1259,1024,2809,331,1310,1068,2927,209,2569,2092,5736,540
1663,Malvik (-2017),2000,1284,988,2874,336,1353,1088,2999,210,2637,2076,5873,546
1663,Malvik (-2017),2001,1303,993,2953,331,1369,1084,3050,221,2672,2077,6003,552
1663,Malvik (-2017),2002,1322,991,3019,338,1410,1043,3126,223,2732,2034,6145,561
1663,Malvik (-2017),2003,1391,1013,3106,343,1436,1023,3196,227,2827,2036,6302,570
1663,Malvik (-2017),2004,1392,1000,3147,350,1435,1062,3268,230,2827,2062,6415,580
1663,Malvik (-2017),2005,1405,1007,3239,340,1460,1049,3371,224,2865,2056,6610,564
1663,Malvik (-2017),2006,1416,990,3299,331,1458,1066,3423,230,2874,2056,6722,561
1663,Malvik (-2017),2007,1401,1005,3329,331,1463,1115,3441,237,2864,2120,6770,568
1663,Malvik (-2017),2008,1380,1020,3342,335,1460,1134,3479,238,2840,2154,6821,573
1663,Malvik (-2017),2009,1378,1032,3354,333,1452,1134,3532,242,2830,2166,6886,575
1663,Malvik (-2017),2010,1355,1055,3405,323,1433,1158,3575,246,2788,2213,6980,569
1663,Malvik (-2017),2011,1379,1078,3448,330,1427,1186,3574,255,2806,2264,7022,585
1663,Malvik (-2017),2012,1350,1124,3460,337,1425,1218,3612,259,2775,2342,7072,596
1663,Malvik (-2017),2013,1376,1134,3555,354,1440,1258,3703,265,2816,2392,7258,619
1663,Malvik (-2017),2014,1384,1204,3607,361,1467,1281,3789,278,2851,2485,7396,639
1664,Selbu (-2017),1999,327,360,996,258,409,358,1058,199,736,718,2054,457
1664,Selbu (-2017),2000,326,365,974,262,394,363,1054,188,720,728,2028,450
1664,Selbu (-2017),2001,332,370,976,271,404,376,1065,193,736,746,2041,464
1664,Selbu (-2017),2002,334,344,991,269,403,367,1061,192,737,711,2052,461
1664,Selbu (-2017),2003,326,351,1009,269,404,360,1061,193,730,711,2070,462
1664,Selbu (-2017),2004,315,341,1005,272,390,354,1066,201,705,695,2071,473
1664,Selbu (-2017),2005,331,341,1014,264,397,350,1088,203,728,691,2102,467
1664,Selbu (-2017),2006,325,333,1009,261,391,345,1091,185,716,678,2100,446
1664,Selbu (-2017),2007,346,315,1020,255,383,354,1088,181,729,669,2108,436
1664,Selbu (-2017),2008,353,324,1024,266,390,362,1100,187,743,686,2124,453
1664,Selbu (-2017),2009,341,324,1032,254,394,353,1124,182,735,677,2156,436
1664,Selbu (-2017),2010,341,324,1043,248,388,353,1143,164,729,677,2186,412
1664,Selbu (-2017),2011,335,301,1057,251,374,368,1142,168,709,669,2199,419
1664,Selbu (-2017),2012,345,309,1069,252,372,376,1148,171,717,685,2217,423
1664,Selbu (-2017),2013,332,313,1063,245,369,376,1167,165,701,689,2230,410
1664,Selbu (-2017),2014,321,314,1066,246,369,390,1152,172,690,704,2218,418
1665,Tydal (-2017),1999,99,86,258,48,105,82,248,46,204,168,506,94
1665,Tydal (-2017),2000,101,78,256,45,104,81,240,44,205,159,496,89
1665,Tydal (-2017),2001,91,77,255,50,99,79,239,45,190,156,494,95
1665,Tydal (-2017),2002,89,72,252,46,98,76,239,42,187,148,491,88
1665,Tydal (-2017),2003,87,69,255,47,94,72,241,42,181,141,496,89
1665,Tydal (-2017),2004,78,71,254,48,90,74,245,41,168,145,499,89
1665,Tydal (-2017),2005,79,78,250,50,83,78,244,40,162,156,494,90
1665,Tydal (-2017),2006,76,75,239,52,77,75,236,44,153,150,475,96
1665,Tydal (-2017),2007,69,74,230,57,74,77,229,49,143,151,459,106
1665,Tydal (-2017),2008,68,74,227,57,75,81,224,50,143,155,451,107
1665,Tydal (-2017),2009,62,73,233,55,70,88,224,52,132,161,457,107
1665,Tydal (-2017),2010,61,76,232,58,66,90,228,48,127,166,460,106
1665,Tydal (-2017),2011,61,81,231,61,65,93,227,49,126,174,458,110
1665,Tydal (-2017),2012,57,91,229,64,61,96,228,44,118,187,457,108
1665,Tydal (-2017),2013,58,87,229,67,55,100,222,47,113,187,451,114
1665,Tydal (-2017),2014,65,79,232,67,56,93,223,49,121,172,455,116
1702,Steinkjer (-2017),1999,1957,1859,5419,977,2078,1963,5441,653,4035,3822,10860,1630
1702,Steinkjer (-2017),2000,1978,1820,5471,1006,2086,1913,5498,687,4064,3733,10969,1693
1702,Steinkjer (-2017),2001,2021,1793,5529,1019,2099,1852,5521,717,4120,3645,11050,1736
1702,Steinkjer (-2017),2002,2017,1720,5583,1016,2084,1804,5540,719,4101,3524,11123,1735
1702,Steinkjer (-2017),2003,1989,1690,5576,1048,2055,1775,5546,738,4044,3465,11122,1786
1702,Steinkjer (-2017),2004,1977,1706,5559,1063,2020,1802,5560,764,3997,3508,11119,1827
1702,Steinkjer (-2017),2005,1958,1730,5564,1081,1974,1870,5590,760,3932,3600,11154,1841
1702,Steinkjer (-2017),2006,1915,1739,5547,1093,1943,1895,5574,771,3858,3634,11121,1864
1702,Steinkjer (-2017),2007,1902,1768,5580,1107,1939,1926,5636,766,3841,3694,11216,1873
1702,Steinkjer (-2017),2008,1862,1787,5636,1102,1937,1937,5652,759,3799,3724,11288,1861
1702,Steinkjer (-2017),2009,1869,1826,5672,1108,1922,1982,5732,757,3791,3808,11404,1865
1702,Steinkjer (-2017),2010,1874,1830,5727,1105,1955,2031,5779,779,3829,3861,11506,1884
1702,Steinkjer (-2017),2011,1848,1878,5740,1105,1959,2021,5830,770,3807,3899,11570,1875
1702,Steinkjer (-2017),2012,1845,1954,5779,1080,1922,2074,5881,768,3767,4028,11660,1848
1702,Steinkjer (-2017),2013,1813,1972,5789,1085,1933,2101,5932,767,3746,4073,11721,1852
1702,Steinkjer (-2017),2014,1833,2011,5794,1095,1957,2132,5956,777,3790,4143,11750,1872
1703,Namsos (-2017),1999,1264,1250,3153,605,1268,1264,3106,351,2532,2514,6259,956
1703,Namsos (-2017),2000,1288,1213,3179,614,1293,1222,3161,355,2581,2435,6340,969
1703,Namsos (-2017),2001,1280,1190,3203,620,1325,1207,3199,370,2605,2397,6402,990
1703,Namsos (-2017),2002,1263,1170,3227,620,1332,1165,3197,378,2595,2335,6424,998
1703,Namsos (-2017),2003,1281,1104,3261,633,1395,1116,3216,374,2676,2220,6477,1007
1703,Namsos (-2017),2004,1292,1092,3307,628,1380,1124,3232,371,2672,2216,6539,999
1703,Namsos (-2017),2005,1305,1110,3312,643,1373,1141,3244,370,2678,2251,6556,1013
1703,Namsos (-2017),2006,1278,1141,3332,640,1376,1175,3250,382,2654,2316,6582,1022
1703,Namsos (-2017),2007,1280,1151,3331,637,1342,1172,3283,377,2622,2323,6614,1014
1703,Namsos (-2017),2008,1269,1165,3346,631,1339,1193,3287,377,2608,2358,6633,1008
1703,Namsos (-2017),2009,1265,1207,3365,643,1336,1225,3309,373,2601,2432,6674,1016
1703,Namsos (-2017),2010,1275,1228,3396,641,1339,1234,3309,373,2614,2462,6705,1014
1703,Namsos (-2017),2011,1268,1268,3404,627,1356,1275,3344,364,2624,2543,6748,991
1703,Namsos (-2017),2012,1239,1277,3424,614,1360,1278,3387,374,2599,2555,6811,988
1703,Namsos (-2017),2013,1214,1297,3467,599,1328,1320,3385,378,2542,2617,6852,977
1703,Namsos (-2017),2014,1207,1300,3489,600,1340,1372,3393,382,2547,2672,6882,982
1711,Meråker (-2017),1999,234,207,664,213,242,236,678,121,476,443,1342,334
1711,Meråker (-2017),2000,254,206,672,218,247,240,677,123,501,446,1349,341
1711,Meråker (-2017),2001,240,205,669,220,239,223,684,113,479,428,1353,333
1711,Meråker (-2017),2002,225,212,665,219,234,210,682,112,459,422,1347,331
1711,Meråker (-2017),2003,234,200,671,215,234,204,679,119,468,404,1350,334
1711,Meråker (-2017),2004,234,213,644,215,228,205,678,122,462,418,1322,337
1711,Meråker (-2017),2005,233,228,650,203,241,212,671,122,474,440,1321,325
1711,Meråker (-2017),2006,225,219,644,203,234,214,669,123,459,433,1313,326
1711,Meråker (-2017),2007,214,221,651,195,226,206,681,113,440,427,1332,308
1711,Meråker (-2017),2008,211,217,653,193,223,204,694,111,434,421,1347,304
1711,Meråker (-2017),2009,202,211,654,192,210,198,698,111,412,409,1352,303
1711,Meråker (-2017),2010,202,209,661,184,207,202,696,110,409,411,1357,294
1711,Meråker (-2017),2011,198,222,680,174,198,220,707,104,396,442,1387,278
1711,Meråker (-2017),2012,194,228,681,167,196,232,713,102,390,460,1394,269
1711,Meråker (-2017),2013,194,223,684,168,196,235,715,95,390,458,1399,263
1711,Meråker (-2017),2014,201,227,686,159,209,240,730,101,410,467,1416,260
1714,Stjørdal (-2017),1999,1809,1805,4563,791,1959,1915,4742,523,3768,3720,9305,1314
1714,Stjørdal (-2017),2000,1837,1780,4637,796,1996,1861,4803,528,3833,3641,9440,1324
1714,Stjørdal (-2017),2001,1890,1760,4725,803,2032,1838,4893,527,3922,3598,9618,1330
1714,Stjørdal (-2017),2002,1890,1750,4865,820,2079,1771,5023,526,3969,3521,9888,1346
1714,Stjørdal (-2017),2003,1916,1730,4964,834,2113,1734,5140,509,4029,3464,10104,1343
1714,Stjørdal (-2017),2004,1966,1719,5077,837,2117,1722,5244,517,4083,3441,10321,1354
1714,Stjørdal (-2017),2005,2048,1732,5190,830,2168,1725,5341,528,4216,3457,10531,1358
1714,Stjørdal (-2017),2006,2070,1736,5325,827,2193,1786,5424,531,4263,3522,10749,1358
1714,Stjørdal (-2017),2007,2118,1776,5417,828,2244,1826,5546,518,4362,3602,10963,1346
1714,Stjørdal (-2017),2008,2151,1783,5488,841,2292,1866,5662,533,4443,3649,11150,1374
1714,Stjørdal (-2017),2009,2173,1826,5570,853,2304,1938,5750,546,4477,3764,11320,1399
1714,Stjørdal (-2017),2010,2186,1906,5712,851,2313,1976,5867,564,4499,3882,11579,1415
1714,Stjørdal (-2017),2011,2193,1956,5786,851,2331,2010,5965,567,4524,3966,11751,1418
1714,Stjørdal (-2017),2012,2236,1988,5902,863,2353,2083,6057,576,4589,4071,11959,1439
1714,Stjørdal (-2017),2013,2223,2010,6029,880,2317,2143,6165,612,4540,4153,12194,1492
1714,Stjørdal (-2017),2014,2221,2102,6109,907,2309,2188,6245,602,4530,4290,12354,1509
1717,Frosta (-2017),1999,237,194,592,164,243,238,629,98,480,432,1221,262
1717,Frosta (-2017),2000,236,211,601,163,249,235,639,96,485,446,1240,259
1717,Frosta (-2017),2001,257,207,600,155,255,216,648,95,512,423,1248,250
1717,Frosta (-2017),2002,260,205,614,150,253,222,653,88,513,427,1267,238
1717,Frosta (-2017),2003,271,208,616,142,262,221,663,91,533,429,1279,233
1717,Frosta (-2017),2004,260,205,623,143,247,217,671,88,507,422,1294,231
1717,Frosta (-2017),2005,256,210,636,141,248,223,686,93,504,433,1322,234
1717,Frosta (-2017),2006,249,209,642,132,247,229,668,91,496,438,1310,223
1717,Frosta (-2017),2007,246,209,648,132,247,221,665,93,493,430,1313,225
1717,Frosta (-2017),2008,254,214,644,139,240,217,662,96,494,431,1306,235
1717,Frosta (-2017),2009,253,223,658,134,245,216,664,94,498,439,1322,228
1717,Frosta (-2017),2010,253,227,650,139,236,223,674,93,489,450,1324,232
1717,Frosta (-2017),2011,246,244,656,137,240,236,687,92,486,480,1343,229
1717,Frosta (-2017),2012,240,256,684,133,244,253,706,102,484,509,1390,235
1717,Frosta (-2017),2013,244,234,700,136,247,242,722,102,491,476,1422,238
1717,Frosta (-2017),2014,252,235,699,138,250,253,715,111,502,488,1414,249
1718,Leksvik (-2017),1999,353,367,868,175,344,377,905,119,697,744,1773,294
1718,Leksvik (-2017),2000,356,352,866,179,350,365,931,113,706,717,1797,292
1718,Leksvik (-2017),2001,352,347,868,184,359,356,935,117,711,703,1803,301
1718,Leksvik (-2017),2002,356,342,888,190,353,323,960,120,709,665,1848,310
1718,Leksvik (-2017),2003,354,325,886,194,346,321,965,119,700,646,1851,313
1718,Leksvik (-2017),2004,365,315,896,194,333,308,977,123,698,623,1873,317
1718,Leksvik (-2017),2005,370,296,910,197,317,308,985,125,687,604,1895,322
1718,Leksvik (-2017),2006,360,298,916,198,314,294,992,124,674,592,1908,322
1718,Leksvik (-2017),2007,339,293,923,195,324,288,996,126,663,581,1919,321
1718,Leksvik (-2017),2008,336,291,932,191,331,280,1000,123,667,571,1932,314
1718,Leksvik (-2017),2009,338,290,956,192,332,289,997,123,670,579,1953,315
1718,Leksvik (-2017),2010,332,298,960,185,332,294,995,132,664,592,1955,317
1718,Leksvik (-2017),2011,338,283,966,183,336,281,997,138,674,564,1963,321
1718,Leksvik (-2017),2012,332,300,965,180,330,279,1015,126,662,579,1980,306
1718,Leksvik (-2017),2013,331,297,963,183,324,277,1029,127,655,574,1992,310
1718,Leksvik (-2017),2014,330,297,974,186,328,280,1036,124,658,577,2010,310
1719,Levanger (-2017),1999,1889,1684,4458,814,1978,1733,4459,489,3867,3417,8917,1303
1719,Levanger (-2017),2000,1894,1637,4521,803,1983,1668,4501,494,3877,3305,9022,1297
1719,Levanger (-2017),2001,1857,1629,4535,792,1985,1650,4516,493,3842,3279,9051,1285
1719,Levanger (-2017),2002,1855,1634,4570,808,1989,1640,4589,487,3844,3274,9159,1295
1719,Levanger (-2017),2003,1822,1644,4642,819,2015,1666,4596,496,3837,3310,9238,1315
1719,Levanger (-2017),2004,1816,1673,4697,810,2001,1719,4659,500,3817,3392,9356,1310
1719,Levanger (-2017),2005,1806,1692,4741,797,1989,1751,4727,498,3795,3443,9468,1295
1719,Levanger (-2017),2006,1811,1678,4796,800,1966,1764,4750,515,3777,3442,9546,1315
1719,Levanger (-2017),2007,1789,1736,4792,803,1927,1831,4767,528,3716,3567,9559,1331
1719,Levanger (-2017),2008,1808,1774,4857,803,1894,1873,4817,529,3702,3647,9674,1332
1719,Levanger (-2017),2009,1789,1774,4921,786,1877,1881,4911,525,3666,3655,9832,1311
1719,Levanger (-2017),2010,1757,1832,4957,807,1874,1880,4950,523,3631,3712,9907,1330
1719,Levanger (-2017),2011,1775,1858,4996,816,1863,1901,4999,533,3638,3759,9995,1349
1719,Levanger (-2017),2012,1749,1920,5038,819,1848,1936,5080,532,3597,3856,10118,1351
1719,Levanger (-2017),2013,1760,1928,5090,800,1850,1964,5136,550,3610,3892,10226,1350
1719,Levanger (-2017),2014,1762,1948,5120,816,1860,1937,5197,572,3622,3885,10317,1388
1721,Verdal (-2017),1999,1390,1346,3387,615,1479,1450,3558,438,2869,2796,6945,1053
1721,Verdal (-2017),2000,1375,1305,3410,611,1504,1408,3576,455,2879,2713,6986,1066
1721,Verdal (-2017),2001,1392,1272,3447,611,1514,1327,3615,459,2906,2599,7062,1070
1721,Verdal (-2017),2002,1388,1271,3473,615,1516,1297,3655,450,2904,2568,7128,1065
1721,Verdal (-2017),2003,1382,1248,3502,629,1516,1272,3711,437,2898,2520,7213,1066
1721,Verdal (-2017),2004,1425,1249,3545,629,1524,1268,3742,445,2949,2517,7287,1074
1721,Verdal (-2017),2005,1414,1239,3597,606,1497,1267,3747,448,2911,2506,7344,1054
1721,Verdal (-2017),2006,1393,1252,3653,605,1493,1270,3781,453,2886,2522,7434,1058
1721,Verdal (-2017),2007,1407,1230,3697,590,1493,1281,3825,439,2900,2511,7522,1029
1721,Verdal (-2017),2008,1392,1258,3754,578,1470,1334,3868,440,2862,2592,7622,1018
1721,Verdal (-2017),2009,1380,1285,3791,579,1484,1306,3897,435,2864,2591,7688,1014
1721,Verdal (-2017),2010,1346,1315,3832,565,1463,1348,3917,436,2809,2663,7749,1001
1721,Verdal (-2017),2011,1349,1331,3866,572,1456,1368,3962,430,2805,2699,7828,1002
1721,Verdal (-2017),2012,1343,1314,3897,561,1417,1416,4009,430,2760,2730,7906,991
1721,Verdal (-2017),2013,1344,1355,3950,551,1400,1444,4067,428,2744,2799,8017,979
1721,Verdal (-2017),2014,1335,1369,3985,555,1398,1475,4233,438,2733,2844,8218,993
1724,Verran (-2017),1999,244,215,723,219,249,231,760,148,493,446,1483,367
1724,Verran (-2017),2000,248,187,713,221,244,213,746,161,492,400,1459,382
1724,Verran (-2017),2001,248,188,711,214,249,211,732,158,497,399,1443,372
1724,Verran (-2017),2002,246,178,705,211,240,194,735,154,486,372,1440,365
1724,Verran (-2017),2003,236,187,716,214,240,197,735,154,476,384,1451,368
1724,Verran (-2017),2004,242,191,714,213,244,199,731,150,486,390,1445,363
1724,Verran (-2017),2005,237,190,719,202,239,209,719,155,476,399,1438,357
1724,Verran (-2017),2006,232,188,705,214,221,220,714,150,453,408,1419,364
1724,Verran (-2017),2007,226,186,695,209,215,217,728,147,441,403,1423,356
1724,Verran (-2017),2008,217,185,683,200,203,278,1038,144,420,463,1721,344
1724,Verran (-2017),2009,207,190,687,185,196,269,1045,145,403,459,1732,330
1724,Verran (-2017),2010,203,190,679,186,195,257,1062,142,398,447,1741,328
1724,Verran (-2017),2011,201,200,658,184,187,239,800,140,388,439,1458,324
1724,Verran (-2017),2012,194,202,664,184,182,237,914,128,376,439,1578,312
1724,Verran (-2017),2013,193,209,657,180,185,239,1043,128,378,448,1700,308
1724,Verran (-2017),2014,199,199,650,181,188,234,785,126,387,433,1435,307
1725,Namdalseid (-2017),1999,173,152,451,111,189,188,497,70,362,340,948,181
1725,Namdalseid (-2017),2000,168,157,446,119,184,193,486,78,352,350,932,197
1725,Namdalseid (-2017),2001,169,156,441,120,186,189,489,79,355,345,930,199
1725,Namdalseid (-2017),2002,165,150,438,124,177,192,491,77,342,342,929,201
1725,Namdalseid (-2017),2003,166,153,441,120,177,181,482,79,343,334,923,199
1725,Namdalseid (-2017),2004,161,148,440,121,176,176,471,86,337,324,911,207
1725,Namdalseid (-2017),2005,159,146,441,118,185,160,482,90,344,306,923,208
1725,Namdalseid (-2017),2006,150,148,441,116,171,162,472,89,321,310,913,205
1725,Namdalseid (-2017),2007,147,155,441,116,168,158,468,88,315,313,909,204
1725,Namdalseid (-2017),2008,134,149,440,114,170,150,477,83,304,299,917,197
1725,Namdalseid (-2017),2009,135,154,442,110,173,146,475,85,308,300,917,195
1725,Namdalseid (-2017),2010,139,148,437,109,162,153,463,86,301,301,900,195
1725,Namdalseid (-2017),2011,141,150,436,100,163,156,471,90,304,306,907,190
1725,Namdalseid (-2017),2012,138,151,429,103,151,163,471,88,289,314,900,191
1725,Namdalseid (-2017),2013,140,152,426,106,148,161,480,86,288,313,906,192
1725,Namdalseid (-2017),2014,134,146,433,103,139,160,479,82,273,306,912,185
1736,Snåase - Snåsa (-2017),1999,233,210,594,149,265,217,645,90,498,427,1239,239
1736,Snåase - Snåsa (-2017),2000,231,201,588,159,264,215,645,94,495,416,1233,253
1736,Snåase - Snåsa (-2017),2001,226,200,585,152,257,213,637,88,483,413,1222,240
1736,Snåase - Snåsa (-2017),2002,224,197,580,157,251,213,625,88,475,410,1205,245
1736,Snåase - Snåsa (-2017),2003,234,189,579,152,240,205,629,84,474,394,1208,236
1736,Snåase - Snåsa (-2017),2004,228,176,586,145,239,205,627,90,467,381,1213,235
1736,Snåase - Snåsa (-2017),2005,220,188,569,148,221,210,613,91,441,398,1182,239
1736,Snåase - Snåsa (-2017),2006,223,180,558,151,214,216,609,100,437,396,1167,251
1736,Snåase - Snåsa (-2017),2007,200,183,546,150,204,216,595,103,404,399,1141,253
1736,Snåase - Snåsa (-2017),2008,188,181,541,150,203,214,590,109,391,395,1131,259
1736,Snåase - Snåsa (-2017),2009,188,188,545,144,201,213,588,109,389,401,1133,253
1736,Snåase - Snåsa (-2017),2010,191,179,556,132,190,222,581,113,381,401,1137,245
1736,Snåase - Snåsa (-2017),2011,182,191,556,132,187,218,594,112,369,409,1150,244
1736,Snåase - Snåsa (-2017),2012,182,197,559,126,184,220,597,99,366,417,1156,225
1736,Snåase - Snåsa (-2017),2013,173,192,553,133,185,221,597,100,358,413,1150,233
1736,Snåase - Snåsa (-2017),2014,170,190,562,133,183,224,595,99,353,414,1157,232
1738,Lierne (-2017),1999,144,131,398,89,147,157,440,60,291,288,838,149
1738,Lierne (-2017),2000,140,138,399,92,145,148,440,63,285,286,839,155
1738,Lierne (-2017),2001,138,136,409,90,141,149,432,69,279,285,841,159
1738,Lierne (-2017),2002,139,134,401,93,146,142,433,70,285,276,834,163
1738,Lierne (-2017),2003,135,129,402,100,147,137,436,66,282,266,838,166
1738,Lierne (-2017),2004,135,122,403,99,142,139,423,72,277,261,826,171
1738,Lierne (-2017),2005,123,121,397,94,142,138,419,75,265,259,816,169
1738,Lierne (-2017),2006,123,116,396,99,146,140,411,72,269,256,807,171
1738,Lierne (-2017),2007,123,116,384,104,142,142,405,69,265,258,789,173
1738,Lierne (-2017),2008,117,124,385,103,139,141,405,66,256,265,790,169
1738,Lierne (-2017),2009,117,116,385,100,142,130,410,61,259,246,795,161
1738,Lierne (-2017),2010,112,112,374,103,137,124,409,64,249,236,783,167
1738,Lierne (-2017),2011,113,105,367,98,134,116,415,58,247,221,782,156
1738,Lierne (-2017),2012,107,109,370,96,136,122,413,57,243,231,783,153
1738,Lierne (-2017),2013,110,109,372,92,136,113,413,56,246,222,785,148
1738,Lierne (-2017),2014,105,104,369,96,128,117,411,55,233,221,780,151
1739,Raarvihke - Røyrvik (-2017),1999,63,64,144,26,70,58,161,17,133,122,305,43
1739,Raarvihke - Røyrvik (-2017),2000,61,59,151,26,66,50,167,15,127,109,318,41
1739,Raarvihke - Røyrvik (-2017),2001,54,60,153,23,66,49,167,14,120,109,320,37
1739,Raarvihke - Røyrvik (-2017),2002,48,56,151,23,61,46,163,15,109,102,314,38
1739,Raarvihke - Røyrvik (-2017),2003,41,56,146,26,53,52,156,17,94,108,302,43
1739,Raarvihke - Røyrvik (-2017),2004,38,59,144,28,54,42,155,19,92,101,299,47
1739,Raarvihke - Røyrvik (-2017),2005,38,60,139,30,54,46,153,22,92,106,292,52
1739,Raarvihke - Røyrvik (-2017),2006,41,48,145,31,53,47,158,21,94,95,303,52
1739,Raarvihke - Røyrvik (-2017),2007,41,44,141,30,51,44,155,20,92,88,296,50
1739,Raarvihke - Røyrvik (-2017),2008,40,37,134,32,47,48,143,18,87,85,277,50
1739,Raarvihke - Røyrvik (-2017),2009,43,39,135,30,42,48,146,16,85,87,281,46
1739,Raarvihke - Røyrvik (-2017),2010,44,40,133,31,41,43,148,15,85,83,281,46
1739,Raarvihke - Røyrvik (-2017),2011,44,35,138,31,40,48,147,16,84,83,285,47
1739,Raarvihke - Røyrvik (-2017),2012,42,38,133,31,40,48,143,19,82,86,276,50
1739,Raarvihke - Røyrvik (-2017),2013,44,41,132,33,42,49,143,19,86,90,275,52
1739,Raarvihke - Røyrvik (-2017),2014,42,41,129,33,43,46,146,18,85,87,275,51
1740,Namsskogan (-2017),1999,82,74,273,49,75,87,300,42,157,161,573,91
1740,Namsskogan (-2017),2000,89,72,274,50,78,77,303,46,167,149,577,96
1740,Namsskogan (-2017),2001,80,69,272,51,77,74,281,51,157,143,553,102
1740,Namsskogan (-2017),2002,85,70,275,56,79,73,284,47,164,143,559,103
1740,Namsskogan (-2017),2003,85,76,268,56,80,64,287,50,165,140,555,106
1740,Namsskogan (-2017),2004,81,78,266,57,84,66,277,49,165,144,543,106
1740,Namsskogan (-2017),2005,80,76,256,60,83,67,273,46,163,143,529,106
1740,Namsskogan (-2017),2006,85,65,252,63,70,71,265,48,155,136,517,111
1740,Namsskogan (-2017),2007,86,70,256,65,75,68,267,46,161,138,523,111
1740,Namsskogan (-2017),2008,78,60,259,62,79,64,269,45,157,124,528,107
1740,Namsskogan (-2017),2009,78,60,258,59,84,70,266,49,162,130,524,108
1740,Namsskogan (-2017),2010,79,64,258,60,81,71,266,49,160,135,524,109
1740,Namsskogan (-2017),2011,78,63,261,56,78,73,268,51,156,136,529,107
1740,Namsskogan (-2017),2012,73,59,263,58,87,63,263,50,160,122,526,108
1740,Namsskogan (-2017),2013,67,64,258,60,81,60,260,52,148,124,518,112
1740,Namsskogan (-2017),2014,68,61,266,64,81,66,262,54,149,127,528,118
1742,Grong (-2017),1999,220,205,626,170,264,198,680,134,484,403,1306,304
1742,Grong (-2017),2000,228,221,631,173,272,217,691,132,500,438,1322,305
1742,Grong (-2017),2001,225,227,632,176,267,219,690,136,492,446,1322,312
1742,Grong (-2017),2002,239,226,642,172,264,218,690,137,503,444,1332,309
1742,Grong (-2017),2003,231,208,633,170,261,224,674,129,492,432,1307,299
1742,Grong (-2017),2004,227,205,635,170,259,231,676,127,486,436,1311,297
1742,Grong (-2017),2005,227,193,636,158,252,218,671,126,479,411,1307,284
1742,Grong (-2017),2006,212,192,627,161,221,216,664,123,433,408,1291,284
1742,Grong (-2017),2007,227,182,621,162,215,215,647,118,442,397,1268,280
1742,Grong (-2017),2008,226,179,629,157,219,216,640,111,445,395,1269,268
1742,Grong (-2017),2009,216,179,629,151,217,205,645,108,433,384,1274,259
1742,Grong (-2017),2010,212,190,628,155,203,214,651,108,415,404,1279,263
1742,Grong (-2017),2011,213,198,619,158,188,227,650,104,401,425,1269,262
1742,Grong (-2017),2012,192,204,633,163,203,253,651,110,395,457,1284,273
1742,Grong (-2017),2013,199,221,631,160,200,280,667,107,399,501,1298,267
1742,Grong (-2017),2014,194,207,623,162,192,287,675,109,386,494,1298,271
1743,Høylandet (-2017),1999,121,124,341,85,134,150,329,67,255,274,670,152
1743,Høylandet (-2017),2000,116,127,334,82,139,139,337,61,255,266,671,143
1743,Høylandet (-2017),2001,108,122,337,82,134,152,343,54,242,274,680,136
1743,Høylandet (-2017),2002,109,124,325,83,122,148,348,49,231,272,673,132
1743,Høylandet (-2017),2003,110,115,322,87,109,142,348,42,219,257,670,129
1743,Høylandet (-2017),2004,116,114,321,81,104,133,345,44,220,247,666,125
1743,Høylandet (-2017),2005,114,106,323,76,106,126,353,43,220,232,676,119
1743,Høylandet (-2017),2006,109,110,335,77,125,118,363,42,234,228,698,119
1743,Høylandet (-2017),2007,117,97,330,77,126,118,358,43,243,215,688,120
1743,Høylandet (-2017),2008,122,92,338,77,131,106,364,43,253,198,702,120
1743,Høylandet (-2017),2009,117,88,339,76,132,111,364,47,249,199,703,123
1743,Høylandet (-2017),2010,123,87,335,75,136,104,360,50,259,191,695,125
1743,Høylandet (-2017),2011,132,91,330,74,134,98,365,46,266,189,695,120
1743,Høylandet (-2017),2012,136,90,328,70,131,96,366,47,267,186,694,117
1743,Høylandet (-2017),2013,136,89,332,70,132,99,358,47,268,188,690,117
1743,Høylandet (-2017),2014,128,93,332,73,132,101,345,53,260,194,677,126
1744,Overhalla (-2017),1999,361,367,901,180,402,383,948,130,763,750,1849,310
1744,Overhalla (-2017),2000,350,352,922,182,410,360,951,132,760,712,1873,314
1744,Overhalla (-2017),2001,347,336,924,181,404,360,937,137,751,696,1861,318
1744,Overhalla (-2017),2002,349,334,920,179,404,333,943,138,753,667,1863,317
1744,Overhalla (-2017),2003,352,328,928,175,405,326,957,135,757,654,1885,310
1744,Overhalla (-2017),2004,330,315,920,165,397,325,955,133,727,640,1875,298
1744,Overhalla (-2017),2005,319,306,907,169,369,319,959,128,688,625,1866,297
1744,Overhalla (-2017),2006,321,323,893,179,387,318,947,125,708,641,1840,304
1744,Overhalla (-2017),2007,317,311,901,183,388,325,954,126,705,636,1855,309
1744,Overhalla (-2017),2008,313,318,898,182,375,332,965,124,688,650,1863,306
1744,Overhalla (-2017),2009,321,321,928,168,381,325,986,132,702,646,1914,300
1744,Overhalla (-2017),2010,320,331,927,166,383,326,988,136,703,657,1915,302
1744,Overhalla (-2017),2011,337,329,944,164,380,346,1002,134,717,675,1946,298
1744,Overhalla (-2017),2012,347,342,948,164,371,360,1013,134,718,702,1961,298
1744,Overhalla (-2017),2013,349,336,953,162,377,368,1008,135,726,704,1961,297
1744,Overhalla (-2017),2014,354,351,966,156,386,373,1017,129,740,724,1983,285
1748,Fosnes (-2017),1999,86,63,195,50,90,65,217,34,176,128,412,84
1748,Fosnes (-2017),2000,83,64,195,51,85,69,212,35,168,133,407,86
1748,Fosnes (-2017),2001,85,57,194,54,81,66,209,34,166,123,403,88
1748,Fosnes (-2017),2002,82,59,197,51,75,63,206,33,157,122,403,84
1748,Fosnes (-2017),2003,80,57,201,49,72,66,201,36,152,123,402,85
1748,Fosnes (-2017),2004,73,59,200,43,71,68,197,37,144,127,397,80
1748,Fosnes (-2017),2005,59,59,196,41,62,69,192,39,121,128,388,80
1748,Fosnes (-2017),2006,56,57,202,40,57,70,193,39,113,127,395,79
1748,Fosnes (-2017),2007,57,57,195,42,61,68,193,39,118,125,388,81
1748,Fosnes (-2017),2008,51,57,186,44,58,62,192,37,109,119,378,81
1748,Fosnes (-2017),2009,46,60,189,45,57,59,193,31,103,119,382,76
1748,Fosnes (-2017),2010,46,65,176,51,56,55,188,33,102,120,364,84
1748,Fosnes (-2017),2011,44,59,170,51,51,57,189,32,95,116,359,83
1748,Fosnes (-2017),2012,48,66,166,49,53,58,200,28,101,124,366,77
1748,Fosnes (-2017),2013,50,61,171,49,49,55,207,27,99,116,378,76
1748,Fosnes (-2017),2014,38,61,169,50,48,54,198,24,86,115,367,74
1749,Flatanger (-2017),1999,118,110,310,87,136,119,368,38,254,229,678,125
1749,Flatanger (-2017),2000,118,99,302,86,123,111,357,42,241,210,659,128
1749,Flatanger (-2017),2001,126,101,304,83,125,108,354,41,251,209,658,124
1749,Flatanger (-2017),2002,138,92,304,83,128,113,355,41,266,205,659,124
1749,Flatanger (-2017),2003,137,89,300,85,123,117,349,44,260,206,649,129
1749,Flatanger (-2017),2004,129,89,302,80,115,111,349,46,244,200,651,126
1749,Flatanger (-2017),2005,125,84,303,78,121,105,340,49,246,189,643,127
1749,Flatanger (-2017),2006,120,76,298,75,118,98,338,51,238,174,636,126
1749,Flatanger (-2017),2007,119,75,303,71,111,102,332,55,230,177,635,126
1749,Flatanger (-2017),2008,109,85,294,69,109,92,326,54,218,177,620,123
1749,Flatanger (-2017),2009,100,89,297,68,104,98,326,52,204,187,623,120
1749,Flatanger (-2017),2010,89,85,300,63,93,95,327,52,182,180,627,115
1749,Flatanger (-2017),2011,81,87,301,63,90,105,331,51,171,192,632,114
1749,Flatanger (-2017),2012,86,100,301,62,94,112,335,51,180,212,636,113
1749,Flatanger (-2017),2013,90,99,307,61,95,111,345,50,185,210,652,111
1749,Flatanger (-2017),2014,82,97,302,57,86,108,341,47,168,205,643,104
1750,Vikna (-2017),1999,412,404,922,195,380,436,999,92,792,840,1921,287
1750,Vikna (-2017),2000,420,388,942,196,407,426,992,96,827,814,1934,292
1750,Vikna (-2017),2001,420,391,951,191,408,415,1016,98,828,806,1967,289
1750,Vikna (-2017),2002,435,399,957,199,424,395,1045,96,859,794,2002,295
1750,Vikna (-2017),2003,441,381,968,189,429,388,1069,93,870,769,2037,282
1750,Vikna (-2017),2004,449,367,1000,189,442,389,1088,97,891,756,2088,286
1750,Vikna (-2017),2005,434,372,1020,187,423,388,1086,103,857,760,2106,290
1750,Vikna (-2017),2006,435,376,1015,184,429,357,1109,106,864,733,2124,290
1750,Vikna (-2017),2007,414,392,1020,187,416,370,1106,114,830,762,2126,301
1750,Vikna (-2017),2008,421,383,1022,185,418,370,1117,118,839,753,2139,303
1750,Vikna (-2017),2009,432,380,1037,176,429,387,1141,118,861,767,2178,294
1750,Vikna (-2017),2010,419,405,1039,181,415,395,1145,123,834,800,2184,304
1750,Vikna (-2017),2011,407,401,1047,185,425,400,1142,128,832,801,2189,313
1750,Vikna (-2017),2012,427,410,1071,188,413,423,1175,134,840,833,2246,322
1750,Vikna (-2017),2013,438,421,1089,188,415,419,1187,143,853,840,2276,331
1750,Vikna (-2017),2014,438,426,1097,183,431,410,1191,145,869,836,2288,328
1751,Nærøy (-2017),1999,563,465,1307,305,622,528,1401,196,1185,993,2708,501
1751,Nærøy (-2017),2000,550,438,1318,306,620,529,1393,199,1170,967,2711,505
1751,Nærøy (-2017),2001,548,431,1330,302,634,516,1397,195,1182,947,2727,497
1751,Nærøy (-2017),2002,522,429,1323,311,610,492,1419,191,1132,921,2742,502
1751,Nærøy (-2017),2003,519,410,1338,303,596,472,1437,194,1115,882,2775,497
1751,Nærøy (-2017),2004,505,415,1344,301,586,455,1434,200,1091,870,2778,501
1751,Nærøy (-2017),2005,512,425,1331,302,578,446,1449,190,1090,871,2780,492
1751,Nærøy (-2017),2006,484,421,1328,298,544,466,1423,190,1028,887,2751,488
1751,Nærøy (-2017),2007,464,406,1314,313,519,461,1421,175,983,867,2735,488
1751,Nærøy (-2017),2008,458,411,1306,311,488,471,1396,174,946,882,2702,485
1751,Nærøy (-2017),2009,454,402,1295,302,486,472,1398,179,940,874,2693,481
1751,Nærøy (-2017),2010,460,398,1299,303,478,478,1388,186,938,876,2687,489
1751,Nærøy (-2017),2011,454,427,1289,292,452,499,1402,184,906,926,2691,476
1751,Nærøy (-2017),2012,437,444,1304,291,456,508,1435,194,893,952,2739,485
1751,Nærøy (-2017),2013,421,454,1303,283,458,532,1453,193,879,986,2756,476
1751,Nærøy (-2017),2014,408,462,1304,273,449,527,1450,191,857,989,2754,464
1755,Leka (-2017),1999,73,67,193,47,61,60,195,22,134,127,388,69
1755,Leka (-2017),2000,71,67,188,50,60,64,197,17,131,131,385,67
1755,Leka (-2017),2001,69,60,190,45,57,54,193,16,126,114,383,61
1755,Leka (-2017),2002,64,70,185,45,62,49,192,17,126,119,377,62
1755,Leka (-2017),2003,60,68,187,45,57,51,188,16,117,119,375,61
1755,Leka (-2017),2004,45,65,181,45,54,45,183,18,99,110,364,63
1755,Leka (-2017),2005,43,58,173,42,51,46,178,18,94,104,351,60
1755,Leka (-2017),2006,40,57,174,39,44,43,179,19,84,100,353,58
1755,Leka (-2017),2007,39,57,170,37,42,40,178,20,81,97,348,57
1755,Leka (-2017),2008,40,56,170,37,40,43,183,20,80,99,353,57
1755,Leka (-2017),2009,40,54,173,38,35,39,178,25,75,93,351,63
1755,Leka (-2017),2010,41,51,173,44,41,42,175,26,82,93,348,70
1755,Leka (-2017),2011,38,53,170,43,42,43,171,29,80,96,341,72
1755,Leka (-2017),2012,36,46,167,44,38,41,168,33,74,87,335,77
1755,Leka (-2017),2013,40,43,169,47,34,47,161,33,74,90,330,80
1755,Leka (-2017),2014,38,39,163,46,33,49,158,30,71,88,321,76
1804,Bodø,1999,4231,4283,10674,1226,4545,4413,10679,716,8776,8696,21353,1942
1804,Bodø,2000,4316,4244,10905,1287,4655,4353,10874,733,8971,8597,21779,2020
1804,Bodø,2001,4292,4165,11016,1320,4645,4297,11051,755,8937,8462,22067,2075
1804,Bodø,2002,4305,4144,11116,1347,4641,4274,11166,767,8946,8418,22282,2114
1804,Bodø,2003,4343,4112,11314,1378,4671,4259,11316,793,9014,8371,22630,2171
1804,Bodø,2004,4363,4144,11468,1411,4728,4346,11461,824,9091,8490,22929,2235
1804,Bodø,2005,4460,4302,11902,1544,4843,4492,11966,905,9303,8794,23868,2449
1804,Bodø,2006,4489,4360,12099,1566,4880,4529,12123,946,9369,8889,24222,2512
1804,Bodø,2007,4537,4436,12255,1604,4781,4653,12325,984,9318,9089,24580,2588
1804,Bodø,2008,4484,4553,12378,1627,4736,4792,12467,1012,9220,9345,24845,2639
1804,Bodø,2009,4502,4635,12489,1642,4708,4879,12622,1018,9210,9514,25111,2660
1804,Bodø,2010,4554,4700,12708,1663,4736,5030,12834,1057,9290,9730,25542,2720
1804,Bodø,2011,4509,4853,12918,1667,4688,5116,13042,1054,9197,9969,25960,2721
1804,Bodø,2012,4498,4897,13110,1697,4702,5176,13266,1076,9200,10073,26376,2773
1804,Bodø,2013,4497,5039,13323,1721,4715,5344,13431,1133,9212,10383,26754,2854
1804,Bodø,2014,4499,5047,13491,1734,4670,5464,13652,1174,9169,10511,27143,2908
1805,Narvik,1999,1736,1781,4939,951,1822,1784,4949,537,3558,3565,9888,1488
1805,Narvik,2000,1759,1740,4979,966,1853,1778,4985,540,3612,3518,9964,1506
1805,Narvik,2001,1762,1669,4983,986,1851,1792,4985,549,3613,3461,9968,1535
1805,Narvik,2002,1752,1668,4956,998,1866,1745,4946,564,3618,3413,9902,1562
1805,Narvik,2003,1765,1615,4954,1023,1848,1733,4953,579,3613,3348,9907,1602
1805,Narvik,2004,1736,1671,4944,1044,1811,1774,4971,591,3547,3445,9915,1635
1805,Narvik,2005,1677,1660,4954,1066,1769,1820,4966,600,3446,3480,9920,1666
1805,Narvik,2006,1658,1645,4924,1073,1702,1824,4925,614,3360,3469,9849,1687
1805,Narvik,2007,1609,1662,4883,1066,1666,1818,4969,628,3275,3480,9852,1694
1805,Narvik,2008,1577,1719,4879,1065,1675,1884,4936,649,3252,3603,9815,1714
1805,Narvik,2009,1576,1717,4857,1060,1664,1896,4952,626,3240,3613,9809,1686
1805,Narvik,2010,1558,1745,4871,1054,1621,1931,5010,612,3179,3676,9881,1666
1805,Narvik,2011,1555,1758,4871,1040,1623,1909,5021,603,3178,3667,9892,1643
1805,Narvik,2012,1519,1755,4899,1050,1583,1998,5077,592,3102,3753,9976,1642
1805,Narvik,2013,1493,1755,4913,1033,1591,2023,5100,601,3084,3778,10013,1634
1805,Narvik,2014,1478,1817,4950,1028,1597,2050,5164,621,3075,3867,10114,1649
1811,Bindal,1999,190,153,470,137,194,183,519,105,384,336,989,242
1811,Bindal,2000,178,157,472,133,186,172,522,101,364,329,994,234
1811,Bindal,2001,184,150,470,130,182,174,526,95,366,324,996,225
1811,Bindal,2002,175,146,466,130,176,162,522,90,351,308,988,220
1811,Bindal,2003,172,139,454,131,169,168,500,89,341,307,954,220
1811,Bindal,2004,162,146,448,134,175,162,493,84,337,308,941,218
1811,Bindal,2005,152,144,451,133,162,158,496,82,314,302,947,215
1811,Bindal,2006,147,149,442,130,155,144,491,83,302,293,933,213
1811,Bindal,2007,145,132,436,126,144,143,482,84,289,275,918,210
1811,Bindal,2008,130,132,429,114,134,135,475,82,264,267,904,196
1811,Bindal,2009,132,109,441,109,135,131,481,78,267,240,922,187
1811,Bindal,2010,127,115,427,108,134,138,474,78,261,253,901,186
1811,Bindal,2011,122,116,433,107,134,127,477,76,256,243,910,183
1811,Bindal,2012,110,126,421,108,129,131,462,75,239,257,883,183
1811,Bindal,2013,101,127,421,107,126,132,453,78,227,259,874,185
1811,Bindal,2014,94,126,417,97,126,122,449,72,220,248,866,169
1812,Sømna,1999,220,184,534,138,215,219,548,77,435,403,1082,215
1812,Sømna,2000,215,185,523,135,223,207,548,80,438,392,1071,215
1812,Sømna,2001,207,188,524,138,222,191,552,77,429,379,1076,215
1812,Sømna,2002,208,190,531,134,231,175,566,76,439,365,1097,210
1812,Sømna,2003,202,190,538,131,217,180,560,82,419,370,1098,213
1812,Sømna,2004,197,182,547,129,215,167,565,75,412,349,1112,204
1812,Sømna,2005,193,183,556,121,211,165,569,77,404,348,1125,198
1812,Sømna,2006,188,172,571,117,205,161,561,73,393,333,1132,190
1812,Sømna,2007,189,179,560,118,202,169,556,74,391,348,1116,192
1812,Sømna,2008,190,175,564,113,203,183,553,75,393,358,1117,188
1812,Sømna,2009,187,186,562,106,200,181,560,72,387,367,1122,178
1812,Sømna,2010,186,170,567,111,200,167,565,75,386,337,1132,186
1812,Sømna,2011,173,172,556,119,189,174,567,75,362,346,1123,194
1812,Sømna,2012,164,178,561,113,195,180,572,75,359,358,1133,188
1812,Sømna,2013,157,183,558,107,196,183,577,72,353,366,1135,179
1812,Sømna,2014,162,183,569,106,195,186,572,74,357,369,1141,180
1815,Vega,1999,132,116,367,99,142,117,387,43,274,233,754,142
1815,Vega,2000,137,109,376,99,142,124,382,45,279,233,758,144
1815,Vega,2001,139,100,379,101,143,111,393,46,282,211,772,147
1815,Vega,2002,129,105,374,101,145,101,391,46,274,206,765,147
1815,Vega,2003,128,105,374,100,137,108,393,46,265,213,767,146
1815,Vega,2004,123,109,371,96,132,110,388,51,255,219,759,147
1815,Vega,2005,118,111,362,94,130,105,388,48,248,216,750,142
1815,Vega,2006,115,95,354,94,122,105,380,43,237,200,734,137
1815,Vega,2007,105,98,355,90,123,98,385,45,228,196,740,135
1815,Vega,2008,99,103,354,89,127,98,379,46,226,201,733,135
1815,Vega,2009,95,106,345,89,128,97,380,48,223,203,725,137
1815,Vega,2010,98,109,352,81,121,101,376,50,219,210,728,131
1815,Vega,2011,94,99,351,77,123,103,374,49,217,202,725,126
1815,Vega,2012,90,106,351,67,116,110,366,50,206,216,717,117
1815,Vega,2013,83,105,346,69,98,114,371,52,181,219,717,121
1815,Vega,2014,80,102,347,69,100,107,366,52,180,209,713,121
1816,Vevelstad,1999,46,53,145,52,52,71,161,21,98,124,306,73
1816,Vevelstad,2000,42,52,149,49,56,67,157,20,98,119,306,69
1816,Vevelstad,2001,45,48,144,48,54,63,158,16,99,111,302,64
1816,Vevelstad,2002,47,40,139,49,51,59,158,14,98,99,297,63
1816,Vevelstad,2003,44,39,135,48,51,57,149,15,95,96,284,63
1816,Vevelstad,2004,38,42,134,45,50,53,149,14,88,95,283,59
1816,Vevelstad,2005,41,35,139,44,48,53,150,14,89,88,289,58
1816,Vevelstad,2006,39,36,140,41,50,43,155,12,89,79,295,53
1816,Vevelstad,2007,37,35,138,39,45,46,150,14,82,81,288,53
1816,Vevelstad,2008,34,33,132,37,43,45,147,14,77,78,279,51
1816,Vevelstad,2009,35,35,140,36,48,40,151,16,83,75,291,52
1816,Vevelstad,2010,36,39,140,34,51,36,156,18,87,75,296,52
1816,Vevelstad,2011,39,42,142,29,51,38,159,20,90,80,301,49
1816,Vevelstad,2012,37,37,145,26,45,38,165,18,82,75,310,44
1816,Vevelstad,2013,35,36,144,26,42,39,162,16,77,75,306,42
1816,Vevelstad,2014,30,37,147,24,42,39,158,18,72,76,305,42
1818,Herøy (Nordland),1999,199,155,477,105,192,190,492,85,391,345,969,190
1818,Herøy (Nordland),2000,191,162,467,107,188,188,493,85,379,350,960,192
1818,Herøy (Nordland),2001,189,163,469,112,186,179,500,76,375,342,969,188
1818,Herøy (Nordland),2002,177,161,457,113,180,177,502,68,357,338,959,181
1818,Herøy (Nordland),2003,172,149,459,111,181,159,488,74,353,308,947,185
1818,Herøy (Nordland),2004,160,134,462,107,172,158,484,71,332,292,946,178
1818,Herøy (Nordland),2005,149,141,463,104,161,171,482,68,310,312,945,172
1818,Herøy (Nordland),2006,138,137,462,106,159,164,492,67,297,301,954,173
1818,Herøy (Nordland),2007,132,132,456,102,152,154,486,68,284,286,942,170
1818,Herøy (Nordland),2008,131,142,454,97,147,156,488,68,278,298,942,165
1818,Herøy (Nordland),2009,132,132,450,98,137,159,480,64,269,291,930,162
1818,Herøy (Nordland),2010,122,127,441,100,125,170,474,59,247,297,915,159
1818,Herøy (Nordland),2011,122,135,450,96,127,188,475,56,249,323,925,152
1818,Herøy (Nordland),2012,125,153,447,99,141,204,494,48,266,357,941,147
1818,Herøy (Nordland),2013,127,163,460,100,137,210,515,47,264,373,975,147
1818,Herøy (Nordland),2014,119,159,456,98,139,194,517,51,258,353,973,149
1820,Alstahaug,1999,770,751,1913,260,789,735,1997,156,1559,1486,3910,416
1820,Alstahaug,2000,782,746,1941,267,795,721,2030,158,1577,1467,3971,425
1820,Alstahaug,2001,786,721,1955,267,781,690,2048,156,1567,1411,4003,423
1820,Alstahaug,2002,773,696,2000,269,787,687,2059,163,1560,1383,4059,432
1820,Alstahaug,2003,794,683,2023,260,783,672,2067,163,1577,1355,4090,423
1820,Alstahaug,2004,762,670,2017,258,770,684,2062,155,1532,1354,4079,413
1820,Alstahaug,2005,731,683,2024,269,770,675,2085,161,1501,1358,4109,430
1820,Alstahaug,2006,692,669,2035,262,752,661,2067,168,1444,1330,4102,430
1820,Alstahaug,2007,663,656,2036,258,725,660,2067,160,1388,1316,4103,418
1820,Alstahaug,2008,658,652,2030,260,713,661,2055,178,1371,1313,4085,438
1820,Alstahaug,2009,637,654,2030,286,688,677,2048,188,1325,1331,4078,474
1820,Alstahaug,2010,620,667,2040,280,676,688,2026,199,1296,1355,4066,479
1820,Alstahaug,2011,634,707,2042,286,678,693,2052,204,1312,1400,4094,490
1820,Alstahaug,2012,617,721,2056,289,688,721,2064,216,1305,1442,4120,505
1820,Alstahaug,2013,608,711,2063,284,698,721,2052,224,1306,1432,4115,508
1820,Alstahaug,2014,618,700,2077,285,676,745,2062,231,1294,1445,4139,516
1822,Leirfjord,1999,223,193,528,145,265,217,562,110,488,410,1090,255
1822,Leirfjord,2000,229,193,535,139,257,220,562,107,486,413,1097,246
1822,Leirfjord,2001,210,201,515,150,260,209,573,101,470,410,1088,251
1822,Leirfjord,2002,211,189,511,146,254,217,572,100,465,406,1083,246
1822,Leirfjord,2003,213,196,516,139,258,223,581,88,471,419,1097,227
1822,Leirfjord,2004,216,198,516,135,244,232,596,90,460,430,1112,225
1822,Leirfjord,2005,187,194,524,129,228,223,587,84,415,417,1111,213
1822,Leirfjord,2006,184,200,515,131,209,236,598,83,393,436,1113,214
1822,Leirfjord,2007,183,205,514,134,178,243,584,82,361,448,1098,216
1822,Leirfjord,2008,173,205,514,133,163,240,582,80,336,445,1096,213
1822,Leirfjord,2009,175,193,512,124,168,238,599,79,343,431,1111,203
1822,Leirfjord,2010,184,191,526,126,177,242,613,81,361,433,1139,207
1822,Leirfjord,2011,167,210,535,123,173,246,624,82,340,456,1159,205
1822,Leirfjord,2012,158,199,526,125,163,235,623,78,321,434,1149,203
1822,Leirfjord,2013,168,202,534,120,172,229,641,78,340,431,1175,198
1822,Leirfjord,2014,187,201,550,114,180,228,652,76,367,429,1202,190
1824,Vefsn,1999,1264,1265,3553,640,1360,1329,3722,416,2624,2594,7275,1056
1824,Vefsn,2000,1291,1204,3587,639,1392,1243,3770,427,2683,2447,7357,1066
1824,Vefsn,2001,1281,1162,3578,660,1373,1219,3798,430,2654,2381,7376,1090
1824,Vefsn,2002,1295,1157,3566,660,1369,1200,3807,430,2664,2357,7373,1090
1824,Vefsn,2003,1300,1129,3605,657,1339,1189,3807,430,2639,2318,7412,1087
1824,Vefsn,2004,1295,1142,3600,669,1343,1191,3801,432,2638,2333,7401,1101
1824,Vefsn,2005,1269,1157,3622,670,1299,1243,3793,433,2568,2400,7415,1103
1824,Vefsn,2006,1248,1171,3605,671,1290,1209,3808,438,2538,2380,7413,1109
1824,Vefsn,2007,1231,1158,3613,674,1249,1243,3962,441,2480,2401,7575,1115
1824,Vefsn,2008,1208,1156,3626,665,1241,1235,3854,439,2449,2391,7480,1104
1824,Vefsn,2009,1171,1182,3619,666,1205,1259,3779,461,2376,2441,7398,1127
1824,Vefsn,2010,1153,1164,3638,672,1188,1308,3789,476,2341,2472,7427,1148
1824,Vefsn,2011,1130,1169,3629,658,1175,1297,3771,478,2305,2466,7400,1136
1824,Vefsn,2012,1102,1175,3614,656,1146,1311,3773,481,2248,2486,7387,1137
1824,Vefsn,2013,1090,1168,3594,662,1160,1303,3782,493,2250,2471,7376,1155
1824,Vefsn,2014,1058,1194,3601,671,1155,1311,3783,513,2213,2505,7384,1184
1825,Grane,1999,144,144,411,100,169,149,455,76,313,293,866,176
1825,Grane,2000,141,139,420,98,174,141,465,74,315,280,885,172
1825,Grane,2001,135,129,413,98,162,137,463,74,297,266,876,172
1825,Grane,2002,126,116,410,98,161,130,453,75,287,246,863,173
1825,Grane,2003,127,108,404,97,154,126,459,67,281,234,863,164
1825,Grane,2004,129,102,404,98,149,134,457,63,278,236,861,161
1825,Grane,2005,125,111,401,95,151,138,458,65,276,249,859,160
1825,Grane,2006,128,112,402,93,145,138,457,68,273,250,859,161
1825,Grane,2007,121,107,403,93,154,132,465,65,275,239,868,158
1825,Grane,2008,118,117,402,87,153,130,467,63,271,247,869,150
1825,Grane,2009,116,115,391,84,142,130,463,59,258,245,854,143
1825,Grane,2010,116,117,388,84,135,134,461,61,251,251,849,145
1825,Grane,2011,117,117,386,81,136,128,457,65,253,245,843,146
1825,Grane,2012,104,111,380,80,133,124,453,70,237,235,833,150
1825,Grane,2013,107,106,392,72,141,119,453,69,248,225,845,141
1825,Grane,2014,109,110,387,80,140,119,447,73,249,229,834,153
1826,Hattfjelldal,1999,157,144,414,80,143,167,455,76,300,311,869,156
1826,Hattfjelldal,2000,162,138,411,84,147,162,455,75,309,300,866,159
1826,Hattfjelldal,2001,152,143,402,89,150,166,460,70,302,309,862,159
1826,Hattfjelldal,2002,142,142,404,93,153,145,454,70,295,287,858,163
1826,Hattfjelldal,2003,135,133,406,90,147,148,444,66,282,281,850,156
1826,Hattfjelldal,2004,133,132,409,90,149,142,433,74,282,274,842,164
1826,Hattfjelldal,2005,125,130,410,88,142,124,434,77,267,254,844,165
1826,Hattfjelldal,2006,120,113,413,87,149,113,436,72,269,226,849,159
1826,Hattfjelldal,2007,123,106,406,85,142,111,436,73,265,217,842,158
1826,Hattfjelldal,2008,114,106,410,83,138,107,426,79,252,213,836,162
1826,Hattfjelldal,2009,111,101,408,77,144,104,420,73,255,205,828,150
1826,Hattfjelldal,2010,111,110,405,77,141,111,413,76,252,221,818,153
1826,Hattfjelldal,2011,120,102,408,81,140,122,412,78,260,224,820,159
1826,Hattfjelldal,2012,117,113,392,81,136,130,411,76,253,243,803,157
1826,Hattfjelldal,2013,108,127,389,84,131,142,412,78,239,269,801,162
1826,Hattfjelldal,2014,106,128,393,84,134,150,425,80,240,278,818,164
1827,Dønna,1999,134,162,379,114,160,168,425,53,294,330,804,167
1827,Dønna,2000,131,160,387,105,153,163,428,55,284,323,815,160
1827,Dønna,2001,137,157,390,110,154,158,429,60,291,315,819,170
1827,Dønna,2002,139,136,391,102,159,147,422,60,298,283,813,162
1827,Dønna,2003,140,125,398,101,169,136,421,51,309,261,819,152
1827,Dønna,2004,137,130,389,103,168,148,416,52,305,278,805,155
1827,Dønna,2005,135,119,392,96,167,147,419,53,302,266,811,149
1827,Dønna,2006,128,119,391,96,163,151,415,44,291,270,806,140
1827,Dønna,2007,123,118,390,93,165,141,415,44,288,259,805,137
1827,Dønna,2008,118,116,390,90,156,138,408,47,274,254,798,137
1827,Dønna,2009,118,112,383,94,143,125,411,46,261,237,794,140
1827,Dønna,2010,132,102,380,95,150,121,407,44,282,223,787,139
1827,Dønna,2011,133,108,381,96,147,136,405,43,280,244,786,139
1827,Dønna,2012,130,109,376,90,140,138,405,45,270,247,781,135
1827,Dønna,2013,127,112,377,83,129,142,414,47,256,254,791,130
1827,Dønna,2014,118,113,378,80,122,140,420,49,240,253,798,129
1828,Nesna,1999,204,203,432,120,219,169,452,66,423,372,884,186
1828,Nesna,2000,206,198,431,127,219,165,470,66,425,363,901,193
1828,Nesna,2001,220,198,435,121,236,171,470,62,456,369,905,183
1828,Nesna,2002,204,173,440,118,224,164,466,66,428,337,906,184
1828,Nesna,2003,196,172,451,116,221,158,460,64,417,330,911,180
1828,Nesna,2004,195,169,456,120,207,155,457,63,402,324,913,183
1828,Nesna,2005,176,169,459,118,208,148,462,61,384,317,921,179
1828,Nesna,2006,157,177,446,111,199,148,471,60,356,325,917,171
1828,Nesna,2007,165,174,458,110,195,143,478,53,360,317,936,163
1828,Nesna,2008,165,165,471,103,181,166,484,57,346,331,955,160
1828,Nesna,2009,152,163,465,106,179,169,496,56,331,332,961,162
1828,Nesna,2010,154,145,474,109,174,184,489,57,328,329,963,166
1828,Nesna,2011,151,165,472,107,171,189,495,58,322,354,967,165
1828,Nesna,2012,155,178,474,97,170,185,496,58,325,363,970,155
1828,Nesna,2013,152,195,479,100,172,202,515,60,324,397,994,160
1828,Nesna,2014,149,205,486,97,167,224,514,60,316,429,1000,157
1832,Hemnes,1999,443,394,1172,297,461,438,1254,197,904,832,2426,494
1832,Hemnes,2000,437,400,1185,300,486,433,1267,181,923,833,2452,481
1832,Hemnes,2001,423,403,1178,293,493,430,1273,170,916,833,2451,463
1832,Hemnes,2002,424,379,1169,298,475,390,1280,165,899,769,2449,463
1832,Hemnes,2003,423,344,1182,298,491,371,1280,162,914,715,2462,460
1832,Hemnes,2004,412,357,1189,285,494,385,1278,162,906,742,2467,447
1832,Hemnes,2005,415,346,1201,285,479,391,1286,163,894,737,2487,448
1832,Hemnes,2006,421,332,1200,283,476,385,1281,164,897,717,2481,447
1832,Hemnes,2007,416,326,1180,291,463,406,1256,172,879,732,2436,463
1832,Hemnes,2008,394,332,1183,278,461,400,1257,173,855,732,2440,451
1832,Hemnes,2009,389,360,1185,283,458,393,1290,169,847,753,2475,452
1832,Hemnes,2010,370,380,1201,278,468,411,1302,174,838,791,2503,452
1832,Hemnes,2011,367,400,1209,274,449,419,1309,173,816,819,2518,447
1832,Hemnes,2012,357,407,1208,273,447,419,1292,182,804,826,2500,455
1832,Hemnes,2013,350,429,1210,270,451,433,1299,178,801,862,2509,448
1832,Hemnes,2014,343,406,1193,271,424,444,1288,184,767,850,2481,455
1833,Rana,1999,2522,2374,6677,1097,2580,2413,6869,703,5102,4787,13546,1800
1833,Rana,2000,2554,2286,6703,1112,2625,2302,6942,731,5179,4588,13645,1843
1833,Rana,2001,2576,2230,6758,1138,2610,2274,6965,727,5186,4504,13723,1865
1833,Rana,2002,2562,2220,6829,1160,2578,2228,7027,746,5140,4448,13856,1906
1833,Rana,2003,2513,2211,6864,1169,2604,2167,7033,752,5117,4378,13897,1921
1833,Rana,2004,2495,2128,6910,1194,2592,2200,7010,780,5087,4328,13920,1974
1833,Rana,2005,2470,2132,6921,1216,2564,2210,7032,775,5034,4342,13953,1991
1833,Rana,2006,2462,2151,6942,1238,2519,2238,7031,774,4981,4389,13973,2012
1833,Rana,2007,2399,2111,6911,1265,2485,2224,7034,761,4884,4335,13945,2026
1833,Rana,2008,2351,2107,6873,1260,2464,2239,7004,794,4815,4346,13877,2054
1833,Rana,2009,2326,2165,6903,1255,2441,2329,7070,792,4767,4494,13973,2047
1833,Rana,2010,2295,2239,6879,1247,2440,2353,7042,787,4735,4592,13921,2034
1833,Rana,2011,2248,2304,6911,1268,2442,2433,7108,785,4690,4737,14019,2053
1833,Rana,2012,2217,2361,6939,1279,2399,2518,7151,788,4616,4879,14090,2067
1833,Rana,2013,2184,2420,6936,1266,2379,2572,7209,786,4563,4992,14145,2052
1833,Rana,2014,2153,2448,6989,1280,2367,2654,7268,784,4520,5102,14257,2064
1834,Lurøy,1999,212,192,505,131,209,213,555,85,421,405,1060,216
1834,Lurøy,2000,195,203,508,130,224,190,576,81,419,393,1084,211
1834,Lurøy,2001,203,192,517,122,229,189,586,78,432,381,1103,200
1834,Lurøy,2002,196,178,513,117,214,188,585,75,410,366,1098,192
1834,Lurøy,2003,188,162,512,123,202,182,581,66,390,344,1093,189
1834,Lurøy,2004,186,171,512,119,206,185,574,71,392,356,1086,190
1834,Lurøy,2005,180,162,524,121,210,182,573,76,390,344,1097,197
1834,Lurøy,2006,164,160,515,118,196,178,565,75,360,338,1080,193
1834,Lurøy,2007,164,159,518,115,195,177,565,77,359,336,1083,192
1834,Lurøy,2008,159,151,502,117,182,161,551,76,341,312,1053,193
1834,Lurøy,2009,157,152,502,105,172,178,543,74,329,330,1045,179
1834,Lurøy,2010,148,155,504,101,176,184,560,72,324,339,1064,173
1834,Lurøy,2011,158,160,500,110,173,180,562,69,331,340,1062,179
1834,Lurøy,2012,153,166,504,115,177,185,561,76,330,351,1065,191
1834,Lurøy,2013,152,162,506,111,172,175,557,81,324,337,1063,192
1834,Lurøy,2014,149,158,498,114,180,175,546,81,329,333,1044,195
1835,Træna,1999,48,39,110,26,58,40,142,21,106,79,252,47
1835,Træna,2000,44,41,107,24,59,33,139,19,103,74,246,43
1835,Træna,2001,38,46,106,24,57,36,140,17,95,82,246,41
1835,Træna,2002,47,37,113,25,58,37,141,16,105,74,254,41
1835,Træna,2003,44,34,110,29,56,38,137,16,100,72,247,45
1835,Træna,2004,49,29,109,26,54,41,134,14,103,70,243,40
1835,Træna,2005,47,28,109,29,51,40,122,18,98,68,231,47
1835,Træna,2006,49,31,111,29,50,47,119,17,99,78,230,46
1835,Træna,2007,51,28,111,27,50,45,118,16,101,73,229,43
1835,Træna,2008,53,27,109,27,53,45,122,15,106,72,231,42
1835,Træna,2009,54,29,111,28,49,46,123,15,103,75,234,43
1835,Træna,2010,52,42,117,25,57,50,130,16,109,92,247,41
1835,Træna,2011,45,47,116,27,53,50,137,15,98,97,253,42
1835,Træna,2012,44,46,117,27,58,51,136,18,102,97,253,45
1835,Træna,2013,44,50,120,26,55,56,138,17,99,106,258,43
1835,Træna,2014,40,43,122,23,53,53,140,15,93,96,262,38
1836,Rødøy,1999,176,169,346,102,176,165,397,58,352,334,743,160
1836,Rødøy,2000,175,157,347,102,179,162,388,60,354,319,735,162
1836,Rødøy,2001,168,156,342,101,176,146,386,55,344,302,728,156
1836,Rødøy,2002,177,151,338,91,177,126,394,55,354,277,732,146
1836,Rødøy,2003,155,137,336,87,169,130,393,55,324,267,729,142
1836,Rødøy,2004,153,128,338,87,166,126,389,54,319,254,727,141
1836,Rødøy,2005,155,128,335,80,163,131,399,52,318,259,734,132
1836,Rødøy,2006,141,121,322,83,149,121,386,53,290,242,708,136
1836,Rødøy,2007,134,114,326,77,145,120,367,60,279,234,693,137
1836,Rødøy,2008,128,104,317,80,145,117,364,59,273,221,681,139
1836,Rødøy,2009,127,104,317,73,141,115,357,58,268,219,674,131
1836,Rødøy,2010,122,101,320,70,132,117,359,60,254,218,679,130
1836,Rødøy,2011,122,105,313,72,142,120,365,55,264,225,678,127
1836,Rødøy,2012,130,115,315,73,145,125,360,57,275,240,675,130
1836,Rødøy,2013,124,122,315,70,146,121,360,52,270,243,675,122
1836,Rødøy,2014,131,119,316,68,133,127,362,49,264,246,678,117
1837,Meløy,1999,715,633,1639,359,759,694,1724,240,1474,1327,3363,599
1837,Meløy,2000,732,596,1651,376,769,685,1749,238,1501,1281,3400,614
1837,Meløy,2001,729,596,1661,385,756,665,1775,246,1485,1261,3436,631
1837,Meløy,2002,732,593,1685,385,751,658,1775,251,1483,1251,3460,636
1837,Meløy,2003,723,589,1693,394,748,673,1774,251,1471,1262,3467,645
1837,Meløy,2004,678,568,1692,399,718,701,1759,257,1396,1269,3451,656
1837,Meløy,2005,668,564,1718,389,713,689,1763,255,1381,1253,3481,644
1837,Meløy,2006,653,562,1712,389,707,666,1771,255,1360,1228,3483,644
1837,Meløy,2007,616,581,1690,393,706,660,1754,263,1322,1241,3444,656
1837,Meløy,2008,608,566,1684,400,673,681,1752,258,1281,1247,3436,658
1837,Meløy,2009,604,568,1683,408,667,669,1789,253,1271,1237,3472,661
1837,Meløy,2010,589,573,1690,400,654,675,1808,250,1243,1248,3498,650
1837,Meløy,2011,589,594,1697,393,647,665,1814,251,1236,1259,3511,644
1837,Meløy,2012,587,613,1701,389,630,665,1815,257,1217,1278,3516,646
1837,Meløy,2013,574,621,1681,384,598,654,1812,258,1172,1275,3493,642
1837,Meløy,2014,550,624,1673,374,579,638,1805,248,1129,1262,3478,622
1838,Gildeskål,1999,221,199,599,210,204,236,598,107,425,435,1197,317
1838,Gildeskål,2000,221,182,588,215,210,230,596,109,431,412,1184,324
1838,Gildeskål,2001,207,180,561,209,204,214,593,100,411,394,1154,309
1838,Gildeskål,2002,208,178,575,207,216,205,595,92,424,383,1170,299
1838,Gildeskål,2003,194,169,568,197,210,197,596,89,404,366,1164,286
1838,Gildeskål,2004,197,183,568,190,211,181,601,84,408,364,1169,274
1838,Gildeskål,2005,178,180,554,194,197,192,594,89,375,372,1148,283
1838,Gildeskål,2006,170,186,541,183,180,182,581,84,350,368,1122,267
1838,Gildeskål,2007,159,183,536,188,179,171,582,83,338,354,1118,271
1838,Gildeskål,2008,159,178,528,181,174,174,572,80,333,352,1100,261
1838,Gildeskål,2009,152,188,525,185,180,166,580,77,332,354,1105,262
1838,Gildeskål,2010,148,171,526,173,173,151,581,73,321,322,1107,246
1838,Gildeskål,2011,155,161,536,170,168,165,585,80,323,326,1121,250
1838,Gildeskål,2012,155,152,546,157,155,166,588,81,310,318,1134,238
1838,Gildeskål,2013,162,143,555,155,152,158,602,79,314,301,1157,234
1838,Gildeskål,2014,158,150,542,155,154,179,606,79,312,329,1148,234
1839,Beiarn,1999,121,102,338,79,107,127,387,51,228,229,725,130
1839,Beiarn,2000,123,99,337,75,110,132,378,57,233,231,715,132
1839,Beiarn,2001,114,101,326,80,105,122,372,55,219,223,698,135
1839,Beiarn,2002,106,96,329,78,105,112,374,57,211,208,703,135
1839,Beiarn,2003,96,86,331,77,97,105,366,63,193,191,697,140
1839,Beiarn,2004,86,84,329,72,85,101,364,62,171,185,693,134
1839,Beiarn,2005,83,86,320,74,81,100,355,66,164,186,675,140
1839,Beiarn,2006,79,86,322,73,91,90,358,60,170,176,680,133
1839,Beiarn,2007,77,92,312,74,86,94,358,55,163,186,670,129
1839,Beiarn,2008,80,92,304,76,81,95,348,52,161,187,652,128
1839,Beiarn,2009,82,94,309,76,84,90,350,52,166,184,659,128
1839,Beiarn,2010,73,88,304,77,75,99,339,59,148,187,643,136
1839,Beiarn,2011,73,84,306,75,73,100,332,60,146,184,638,135
1839,Beiarn,2012,61,86,303,76,74,95,342,60,135,181,645,136
1839,Beiarn,2013,60,84,300,74,71,87,343,56,131,171,643,130
1839,Beiarn,2014,72,80,305,74,71,79,349,58,143,159,654,132
1840,Saltdal,1999,456,462,1289,270,459,523,1321,162,915,985,2610,432
1840,Saltdal,2000,451,435,1294,270,455,499,1322,161,906,934,2616,431
1840,Saltdal,2001,450,411,1301,273,445,490,1342,162,895,901,2643,435
1840,Saltdal,2002,443,414,1291,269,443,489,1347,167,886,903,2638,436
1840,Saltdal,2003,414,407,1314,254,438,495,1349,163,852,902,2663,417
1840,Saltdal,2004,412,417,1312,252,423,487,1363,157,835,904,2675,409
1840,Saltdal,2005,402,426,1325,253,406,468,1363,157,808,894,2688,410
1840,Saltdal,2006,396,420,1302,249,392,471,1361,160,788,891,2663,409
1840,Saltdal,2007,397,396,1309,246,388,446,1352,154,785,842,2661,400
1840,Saltdal,2008,381,429,1312,241,394,436,1360,157,775,865,2672,398
1840,Saltdal,2009,393,419,1329,236,397,415,1374,164,790,834,2703,400
1840,Saltdal,2010,364,408,1330,230,391,433,1375,161,755,841,2705,391
1840,Saltdal,2011,364,402,1321,228,392,419,1383,163,756,821,2704,391
1840,Saltdal,2012,363,430,1320,230,390,420,1382,175,753,850,2702,405
1840,Saltdal,2013,362,431,1315,237,372,452,1392,184,734,883,2707,421
1840,Saltdal,2014,344,411,1321,226,376,437,1395,180,720,848,2716,406
1841,Fauske - Fuossko,1999,896,927,2496,531,941,1032,2502,288,1837,1959,4998,819
1841,Fauske - Fuossko,2000,920,903,2537,523,954,983,2536,276,1874,1886,5073,799
1841,Fauske - Fuossko,2001,924,889,2545,517,949,980,2577,276,1873,1869,5122,793
1841,Fauske - Fuossko,2002,914,851,2573,516,944,925,2618,286,1858,1776,5191,802
1841,Fauske - Fuossko,2003,889,831,2563,513,925,896,2630,281,1814,1727,5193,794
1841,Fauske - Fuossko,2004,907,833,2578,514,941,915,2658,281,1848,1748,5236,795
1841,Fauske - Fuossko,2005,869,809,2585,517,930,883,2664,292,1799,1692,5249,809
1841,Fauske - Fuossko,2006,871,814,2586,523,922,868,2677,290,1793,1682,5263,813
1841,Fauske - Fuossko,2007,847,792,2600,520,902,864,2646,294,1749,1656,5246,814
1841,Fauske - Fuossko,2008,844,770,2615,517,890,875,2679,290,1734,1645,5294,807
1841,Fauske - Fuossko,2009,818,787,2629,505,876,875,2704,283,1694,1662,5333,788
1841,Fauske - Fuossko,2010,828,820,2648,497,865,902,2706,286,1693,1722,5354,783
1841,Fauske - Fuossko,2011,805,808,2657,497,833,912,2724,297,1638,1720,5381,794
1841,Fauske - Fuossko,2012,792,831,2665,494,823,884,2718,306,1615,1715,5383,800
1841,Fauske - Fuossko,2013,785,825,2678,492,801,903,2721,308,1586,1728,5399,800
1841,Fauske - Fuossko,2014,775,810,2708,497,804,921,2732,309,1579,1731,5440,806
1845,Sørfold,1999,201,199,607,165,241,260,656,102,442,459,1263,267
1845,Sørfold,2000,195,195,593,167,225,251,648,93,420,446,1241,260
1845,Sørfold,2001,194,199,596,164,223,241,648,87,417,440,1244,251
1845,Sørfold,2002,185,180,589,160,209,227,648,80,394,407,1237,240
1845,Sørfold,2003,183,170,581,157,202,208,647,80,385,378,1228,237
1845,Sørfold,2004,177,169,576,155,193,196,634,84,370,365,1210,239
1845,Sørfold,2005,177,164,570,151,186,192,631,82,363,356,1201,233
1845,Sørfold,2006,169,151,579,144,189,184,623,80,358,335,1202,224
1845,Sørfold,2007,167,141,565,141,183,188,616,83,350,329,1181,224
1845,Sørfold,2008,163,136,549,134,167,178,601,72,330,314,1150,206
1845,Sørfold,2009,172,135,558,132,162,184,608,70,334,319,1166,202
1845,Sørfold,2010,168,131,551,126,165,168,604,71,333,299,1155,197
1845,Sørfold,2011,175,134,545,122,162,173,606,72,337,307,1151,194
1845,Sørfold,2012,171,146,549,118,176,162,607,74,347,308,1156,192
1845,Sørfold,2013,160,150,539,117,166,167,610,72,326,317,1149,189
1845,Sørfold,2014,158,157,535,119,157,174,609,78,315,331,1144,197
1848,Steigen,1999,287,262,726,216,303,308,778,142,590,570,1504,358
1848,Steigen,2000,282,266,705,219,295,299,771,140,577,565,1476,359
1848,Steigen,2001,269,253,705,216,289,297,764,143,558,550,1469,359
1848,Steigen,2002,274,250,700,210,272,284,758,141,546,534,1458,351
1848,Steigen,2003,264,242,697,211,273,282,772,134,537,524,1469,345
1848,Steigen,2004,262,241,682,218,269,277,778,136,531,518,1460,354
1848,Steigen,2005,245,229,683,216,252,280,770,127,497,509,1453,343
1848,Steigen,2006,238,218,689,212,246,280,760,117,484,498,1449,329
1848,Steigen,2007,214,215,690,202,227,260,753,119,441,475,1443,321
1848,Steigen,2008,223,219,682,193,227,248,760,120,450,467,1442,313
1848,Steigen,2009,230,219,695,181,219,253,757,111,449,472,1452,292
1848,Steigen,2010,215,226,698,170,199,249,755,107,414,475,1453,277
1848,Steigen,2011,206,227,699,169,199,256,757,106,405,483,1456,275
1848,Steigen,2012,207,224,703,159,189,248,768,111,396,472,1471,270
1848,Steigen,2013,199,210,691,165,172,245,764,106,371,455,1455,271
1848,Steigen,2014,201,212,698,163,176,254,773,102,377,466,1471,265
1849,Hamarøy - Hábmer,1999,188,140,512,155,210,183,537,112,398,323,1049,267
1849,Hamarøy - Hábmer,2000,176,150,500,159,205,187,522,109,381,337,1022,268
1849,Hamarøy - Hábmer,2001,175,137,501,155,190,181,516,104,365,318,1017,259
1849,Hamarøy - Hábmer,2002,169,143,494,146,181,186,517,96,350,329,1011,242
1849,Hamarøy - Hábmer,2003,166,141,496,148,165,196,523,91,331,337,1019,239
1849,Hamarøy - Hábmer,2004,155,138,487,148,146,196,513,89,301,334,1000,237
1849,Hamarøy - Hábmer,2005,148,139,477,145,134,199,503,91,282,338,980,236
1849,Hamarøy - Hábmer,2006,138,139,470,149,133,200,503,89,271,339,973,238
1849,Hamarøy - Hábmer,2007,135,128,472,138,132,186,492,88,267,314,964,226
1849,Hamarøy - Hábmer,2008,135,133,468,134,132,184,494,81,267,317,962,215
1849,Hamarøy - Hábmer,2009,130,138,461,130,126,193,496,80,256,331,957,210
1849,Hamarøy - Hábmer,2010,125,149,466,127,123,190,498,74,248,339,964,201
1849,Hamarøy - Hábmer,2011,126,157,470,116,125,202,502,73,251,359,972,189
1849,Hamarøy - Hábmer,2012,126,151,479,114,118,212,508,75,244,363,987,189
1849,Hamarøy - Hábmer,2013,128,160,484,107,119,210,509,74,247,370,993,181
1849,Hamarøy - Hábmer,2014,131,170,487,104,130,204,515,79,261,374,1002,183
1850,Divtasvuodna - Tysfjord,1999,205,217,578,138,244,229,662,82,449,446,1240,220
1850,Divtasvuodna - Tysfjord,2000,194,201,570,140,236,214,663,84,430,415,1233,224
1850,Divtasvuodna - Tysfjord,2001,187,189,571,136,220,214,670,80,407,403,1241,216
1850,Divtasvuodna - Tysfjord,2002,187,194,570,140,213,222,676,81,400,416,1246,221
1850,Divtasvuodna - Tysfjord,2003,176,188,567,136,210,218,669,77,386,406,1236,213
1850,Divtasvuodna - Tysfjord,2004,172,187,564,131,201,212,670,72,373,399,1234,203
1850,Divtasvuodna - Tysfjord,2005,163,173,557,124,188,209,665,71,351,382,1222,195
1850,Divtasvuodna - Tysfjord,2006,163,168,558,122,183,199,652,73,346,367,1210,195
1850,Divtasvuodna - Tysfjord,2007,156,158,552,114,176,181,641,74,332,339,1193,188
1850,Divtasvuodna - Tysfjord,2008,153,160,539,115,172,183,634,72,325,343,1173,187
1850,Divtasvuodna - Tysfjord,2009,167,146,546,112,179,183,636,77,346,329,1182,189
1850,Divtasvuodna - Tysfjord,2010,151,147,539,112,176,186,625,71,327,333,1164,183
1850,Divtasvuodna - Tysfjord,2011,145,144,532,116,157,203,629,76,302,347,1161,192
1850,Divtasvuodna - Tysfjord,2012,144,144,520,116,149,188,619,76,293,332,1139,192
1850,Divtasvuodna - Tysfjord,2013,134,139,535,109,150,198,635,78,284,337,1170,187
1850,Divtasvuodna - Tysfjord,2014,139,144,539,106,148,198,648,78,287,342,1187,184
1851,Lødingen,1999,225,193,667,168,241,236,676,91,466,429,1343,259
1851,Lødingen,2000,227,201,668,161,234,221,665,94,461,422,1333,255
1851,Lødingen,2001,213,188,655,162,221,216,661,86,434,404,1316,248
1851,Lødingen,2002,208,172,652,166,221,199,654,86,429,371,1306,252
1851,Lødingen,2003,209,169,656,173,213,211,664,87,422,380,1320,260
1851,Lødingen,2004,196,182,656,177,216,214,653,92,412,396,1309,269
1851,Lødingen,2005,188,179,645,173,203,212,647,102,391,391,1292,275
1851,Lødingen,2006,188,182,633,175,186,203,638,109,374,385,1271,284
1851,Lødingen,2007,178,169,622,182,170,210,620,106,348,379,1242,288
1851,Lødingen,2008,184,174,627,179,169,214,625,107,353,388,1252,286
1851,Lødingen,2009,168,169,630,165,169,207,623,111,337,376,1253,276
1851,Lødingen,2010,154,167,616,161,157,206,617,103,311,373,1233,264
1851,Lødingen,2011,171,169,614,159,147,211,631,94,318,380,1245,253
1851,Lødingen,2012,174,172,600,159,142,220,617,95,316,392,1217,254
1851,Lødingen,2013,177,193,610,159,157,213,621,90,334,406,1231,249
1851,Lødingen,2014,171,184,615,149,162,232,639,96,333,416,1254,245
1852,Tjeldsund,1999,124,130,408,94,128,147,427,67,252,277,835,161
1852,Tjeldsund,2000,132,126,414,94,130,152,414,65,262,278,828,159
1852,Tjeldsund,2001,120,119,398,102,111,143,406,62,231,262,804,164
1852,Tjeldsund,2002,127,119,406,106,119,134,405,61,246,253,811,167
1852,Tjeldsund,2003,128,91,402,110,122,119,412,60,250,210,814,170
1852,Tjeldsund,2004,128,88,404,112,120,121,415,60,248,209,819,172
1852,Tjeldsund,2005,115,84,405,110,121,110,416,60,236,194,821,170
1852,Tjeldsund,2006,115,80,404,106,115,104,405,67,230,184,809,173
1852,Tjeldsund,2007,109,83,389,109,109,95,393,65,218,178,782,174
1852,Tjeldsund,2008,107,88,383,104,109,102,378,67,216,190,761,171
1852,Tjeldsund,2009,110,94,368,105,104,103,383,66,214,197,751,171
1852,Tjeldsund,2010,102,105,377,99,111,101,381,69,213,206,758,168
1852,Tjeldsund,2011,99,92,372,102,107,100,380,73,206,192,752,175
1852,Tjeldsund,2012,97,89,360,97,102,94,379,66,199,183,739,163
1852,Tjeldsund,2013,95,92,358,97,94,101,379,62,189,193,737,159
1852,Tjeldsund,2014,88,81,358,91,97,93,383,65,185,174,741,156
1853,Evenes,1999,113,140,393,111,126,156,426,62,239,296,819,173
1853,Evenes,2000,110,142,393,110,125,156,429,58,235,298,822,168
1853,Evenes,2001,116,139,387,117,124,149,417,55,240,288,804,172
1853,Evenes,2002,127,132,392,107,143,141,410,56,270,273,802,163
1853,Evenes,2003,130,131,392,105,139,137,410,50,269,268,802,155
1853,Evenes,2004,126,114,385,101,132,131,403,52,258,245,788,153
1853,Evenes,2005,130,105,384,101,131,113,406,47,261,218,790,148
1853,Evenes,2006,120,93,381,95,120,107,395,54,240,200,776,149
1853,Evenes,2007,119,90,380,95,121,107,392,57,240,197,772,152
1853,Evenes,2008,116,91,389,92,118,108,388,56,234,199,777,148
1853,Evenes,2009,106,92,389,90,123,97,393,55,229,189,782,145
1853,Evenes,2010,114,86,392,94,117,100,398,56,231,186,790,150
1853,Evenes,2011,113,81,386,95,116,94,398,59,229,175,784,154
1853,Evenes,2012,112,85,386,98,114,99,410,55,226,184,796,153
1853,Evenes,2013,113,93,387,99,117,94,416,57,230,187,803,156
1853,Evenes,2014,116,100,389,92,120,106,410,58,236,206,799,150
1854,Ballangen,1999,242,241,713,210,294,294,744,100,536,535,1457,310
1854,Ballangen,2000,245,212,710,208,276,286,742,96,521,498,1452,304
1854,Ballangen,2001,230,199,711,204,276,290,723,98,506,489,1434,302
1854,Ballangen,2002,224,194,707,192,258,278,732,94,482,472,1439,286
1854,Ballangen,2003,222,198,704,194,267,255,754,86,489,453,1458,280
1854,Ballangen,2004,220,207,712,190,258,258,759,89,478,465,1471,279
1854,Ballangen,2005,238,207,717,188,267,253,767,99,505,460,1484,287
1854,Ballangen,2006,234,204,707,185,254,259,756,102,488,463,1463,287
1854,Ballangen,2007,233,205,701,186,256,253,746,104,489,458,1447,290
1854,Ballangen,2008,229,194,691,182,255,242,755,104,484,436,1446,286
1854,Ballangen,2009,214,199,699,176,242,234,763,96,456,433,1462,272
1854,Ballangen,2010,205,213,695,180,228,242,758,95,433,455,1453,275
1854,Ballangen,2011,212,205,705,177,229,243,755,94,441,448,1460,271
1854,Ballangen,2012,212,206,713,167,220,247,760,91,432,453,1473,258
1854,Ballangen,2013,214,204,714,163,221,248,747,88,435,452,1461,251
1854,Ballangen,2014,204,200,726,159,226,230,744,102,430,430,1470,261
1856,Røst,1999,60,61,160,28,71,69,182,23,131,130,342,51
1856,Røst,2000,64,63,164,30,75,66,182,22,139,129,346,52
1856,Røst,2001,66,59,159,31,76,63,176,22,142,122,335,53
1856,Røst,2002,67,52,159,36,75,61,177,22,142,113,336,58
1856,Røst,2003,68,52,157,41,72,57,172,22,140,109,329,63
1856,Røst,2004,64,48,154,40,66,54,167,24,130,102,321,64
1856,Røst,2005,60,49,156,35,62,47,172,21,122,96,328,56
1856,Røst,2006,53,49,154,34,62,49,172,25,115,98,326,59
1856,Røst,2007,57,53,149,33,54,52,168,25,111,105,317,58
1856,Røst,2008,59,62,153,34,58,54,179,23,117,116,332,57
1856,Røst,2009,57,58,153,32,59,54,172,21,116,112,325,53
1856,Røst,2010,53,66,146,35,56,59,175,22,109,125,321,57
1856,Røst,2011,51,60,152,37,50,62,172,21,101,122,324,58
1856,Røst,2012,55,53,153,30,45,62,175,22,100,115,328,52
1856,Røst,2013,49,43,150,33,43,51,170,26,92,94,320,59
1856,Røst,2014,45,44,156,32,42,52,171,24,87,96,327,56
1857,Værøy,1999,102,69,197,50,70,81,214,27,172,150,411,77
1857,Værøy,2000,89,61,192,49,64,81,212,27,153,142,404,76
1857,Værøy,2001,93,64,190,49,61,75,220,26,154,139,410,75
1857,Værøy,2002,94,56,192,49,60,72,220,27,154,128,412,76
1857,Værøy,2003,93,58,186,51,65,65,225,26,158,123,411,77
1857,Værøy,2004,86,62,195,52,58,58,219,29,144,120,414,81
1857,Værøy,2005,76,65,196,45,58,54,225,24,134,119,421,69
1857,Værøy,2006,79,60,199,50,56,63,224,17,135,123,423,67
1857,Værøy,2007,79,59,197,51,59,65,220,18,138,124,417,69
1857,Værøy,2008,72,59,202,53,55,65,217,20,127,124,419,73
1857,Værøy,2009,69,62,209,47,62,58,216,15,131,120,425,62
1857,Værøy,2010,67,75,213,48,63,57,224,14,130,132,437,62
1857,Værøy,2011,64,73,212,45,64,52,222,16,128,125,434,61
1857,Værøy,2012,63,75,211,43,67,58,213,21,130,133,424,64
1857,Værøy,2013,62,76,208,40,66,59,219,24,128,135,427,64
1857,Værøy,2014,62,77,211,43,70,62,225,27,132,139,436,70
1859,Flakstad,1999,186,123,391,93,183,147,414,49,369,270,805,142
1859,Flakstad,2000,180,120,391,95,190,128,417,54,370,248,808,149
1859,Flakstad,2001,165,115,404,86,189,129,412,54,354,244,816,140
1859,Flakstad,2002,169,113,394,92,191,118,404,59,360,231,798,151
1859,Flakstad,2003,160,117,393,89,182,124,404,58,342,241,797,147
1859,Flakstad,2004,141,114,384,92,170,125,401,57,311,239,785,149
1859,Flakstad,2005,139,108,386,90,167,127,395,58,306,235,781,148
1859,Flakstad,2006,129,113,381,89,161,126,394,61,290,239,775,150
1859,Flakstad,2007,136,112,375,97,154,134,390,60,290,246,765,157
1859,Flakstad,2008,132,110,376,95,153,130,386,59,285,240,762,154
1859,Flakstad,2009,129,111,376,93,141,126,381,62,270,237,757,155
1859,Flakstad,2010,111,108,370,90,123,131,370,66,234,239,740,156
1859,Flakstad,2011,110,113,370,86,117,135,356,73,227,248,726,159
1859,Flakstad,2012,109,122,370,92,115,144,353,78,224,266,723,170
1859,Flakstad,2013,109,125,365,90,109,142,361,75,218,267,726,165
1859,Flakstad,2014,102,137,351,89,102,143,369,75,204,280,720,164
1860,Vestvågøy,1999,1115,1008,2677,602,1141,1053,2765,334,2256,2061,5442,936
1860,Vestvågøy,2000,1151,967,2727,590,1137,1035,2810,333,2288,2002,5537,923
1860,Vestvågøy,2001,1139,950,2715,601,1122,1057,2842,343,2261,2007,5557,944
1860,Vestvågøy,2002,1121,935,2714,601,1117,994,2840,346,2238,1929,5554,947
1860,Vestvågøy,2003,1128,922,2754,597,1167,972,2849,362,2295,1894,5603,959
1860,Vestvågøy,2004,1116,933,2765,598,1160,1017,2857,367,2276,1950,5622,965
1860,Vestvågøy,2005,1112,918,2770,598,1131,1008,2856,371,2243,1926,5626,969
1860,Vestvågøy,2006,1121,937,2779,583,1166,997,2847,367,2287,1934,5626,950
1860,Vestvågøy,2007,1092,930,2786,593,1141,961,2869,373,2233,1891,5655,966
1860,Vestvågøy,2008,1069,938,2803,591,1097,968,2872,372,2166,1906,5675,963
1860,Vestvågøy,2009,1061,945,2811,582,1050,1014,2882,361,2111,1959,5693,943
1860,Vestvågøy,2010,1022,971,2809,586,1032,1010,2870,374,2054,1981,5679,960
1860,Vestvågøy,2011,1033,969,2840,572,1020,1087,2888,371,2053,2056,5728,943
1860,Vestvågøy,2012,1049,988,2845,586,1010,1091,2904,375,2059,2079,5749,961
1860,Vestvågøy,2013,1020,1042,2867,565,977,1113,2914,372,1997,2155,5781,937
1860,Vestvågøy,2014,1030,1070,2895,552,990,1142,2944,374,2020,2212,5839,926
1865,Vågan,1999,867,903,2324,519,896,969,2413,289,1763,1872,4737,808
1865,Vågan,2000,865,896,2312,532,895,973,2465,291,1760,1869,4777,823
1865,Vågan,2001,865,847,2354,523,881,936,2478,288,1746,1783,4832,811
1865,Vågan,2002,859,791,2380,524,883,900,2477,280,1742,1691,4857,804
1865,Vågan,2003,824,802,2361,522,883,880,2489,275,1707,1682,4850,797
1865,Vågan,2004,828,813,2370,515,861,883,2500,282,1689,1696,4870,797
1865,Vågan,2005,838,811,2383,504,864,871,2486,277,1702,1682,4869,781
1865,Vågan,2006,830,795,2389,517,837,879,2501,273,1667,1674,4890,790
1865,Vågan,2007,834,779,2371,518,828,875,2499,288,1662,1654,4870,806
1865,Vågan,2008,824,757,2398,502,811,838,2527,276,1635,1595,4925,778
1865,Vågan,2009,816,767,2421,498,810,845,2549,270,1626,1612,4970,768
1865,Vågan,2010,815,769,2440,490,817,855,2560,277,1632,1624,5000,767
1865,Vågan,2011,813,757,2441,472,829,864,2568,279,1642,1621,5009,751
1865,Vågan,2012,798,816,2451,460,829,857,2578,297,1627,1673,5029,757
1865,Vågan,2013,786,828,2504,454,821,884,2630,300,1607,1712,5134,754
1865,Vågan,2014,781,826,2525,444,808,885,2650,304,1589,1711,5175,748
1866,Hadsel,1999,748,786,2178,482,862,799,2223,264,1610,1585,4401,746
1866,Hadsel,2000,747,757,2179,462,881,789,2227,279,1628,1546,4406,741
1866,Hadsel,2001,735,715,2159,470,856,751,2234,280,1591,1466,4393,750
1866,Hadsel,2002,711,687,2163,466,850,737,2235,282,1561,1424,4398,748
1866,Hadsel,2003,710,675,2155,469,836,719,2192,295,1546,1394,4347,764
1866,Hadsel,2004,710,663,2134,480,818,741,2209,284,1528,1404,4343,764
1866,Hadsel,2005,690,675,2137,478,818,732,2230,279,1508,1407,4367,757
1866,Hadsel,2006,688,666,2142,471,783,746,2230,275,1471,1412,4372,746
1866,Hadsel,2007,665,660,2135,452,763,727,2222,283,1428,1387,4357,735
1866,Hadsel,2008,697,662,2161,438,774,728,2227,283,1471,1390,4388,721
1866,Hadsel,2009,688,665,2148,439,737,748,2238,287,1425,1413,4386,726
1866,Hadsel,2010,685,675,2160,428,725,766,2252,290,1410,1441,4412,718
1866,Hadsel,2011,643,693,2154,420,702,785,2243,284,1345,1478,4397,704
1866,Hadsel,2012,640,695,2187,401,681,782,2256,295,1321,1477,4443,696
1866,Hadsel,2013,667,703,2219,394,690,815,2258,304,1357,1518,4477,698
1866,Hadsel,2014,644,722,2230,399,696,820,2290,311,1340,1542,4520,710
1867,Bø (Nordland),1999,282,253,877,301,274,268,906,171,556,521,1783,472
1867,Bø (Nordland),2000,289,234,862,307,275,249,903,169,564,483,1765,476
1867,Bø (Nordland),2001,286,228,855,296,271,242,895,166,557,470,1750,462
1867,Bø (Nordland),2002,287,216,844,295,265,229,867,156,552,445,1711,451
1867,Bø (Nordland),2003,268,215,846,281,258,222,858,152,526,437,1704,433
1867,Bø (Nordland),2004,243,211,829,280,247,218,858,155,490,429,1687,435
1867,Bø (Nordland),2005,250,207,810,277,248,210,850,151,498,417,1660,428
1867,Bø (Nordland),2006,240,200,802,271,242,202,845,144,482,402,1647,415
1867,Bø (Nordland),2007,226,199,796,266,240,201,830,141,466,400,1626,407
1867,Bø (Nordland),2008,220,191,795,262,237,198,812,152,457,389,1607,414
1867,Bø (Nordland),2009,208,185,797,257,239,197,810,145,447,382,1607,402
1867,Bø (Nordland),2010,205,173,788,248,226,204,808,137,431,377,1596,385
1867,Bø (Nordland),2011,203,185,784,244,221,204,806,143,424,389,1590,387
1867,Bø (Nordland),2012,191,189,763,234,208,209,778,148,399,398,1541,382
1867,Bø (Nordland),2013,173,186,745,232,190,203,765,160,363,389,1510,392
1867,Bø (Nordland),2014,173,186,738,240,190,199,764,152,363,385,1502,392
1868,Øksnes,1999,514,503,1167,217,487,497,1236,134,1001,1000,2403,351
1868,Øksnes,2000,517,466,1209,209,499,464,1262,132,1016,930,2471,341
1868,Øksnes,2001,512,440,1197,204,507,433,1261,138,1019,873,2458,342
1868,Øksnes,2002,516,421,1219,212,498,421,1267,133,1014,842,2486,345
1868,Øksnes,2003,516,412,1224,197,502,398,1287,129,1018,810,2511,326
1868,Øksnes,2004,515,384,1228,202,501,392,1286,125,1016,776,2514,327
1868,Øksnes,2005,503,373,1226,201,472,379,1271,125,975,752,2497,326
1868,Øksnes,2006,490,378,1213,216,472,376,1283,139,962,754,2496,355
1868,Øksnes,2007,467,369,1217,208,451,379,1258,137,918,748,2475,345
1868,Øksnes,2008,459,356,1213,211,431,372,1250,132,890,728,2463,343
1868,Øksnes,2009,449,364,1206,225,427,374,1241,132,876,738,2447,357
1868,Øksnes,2010,421,376,1213,225,425,389,1251,138,846,765,2464,363
1868,Øksnes,2011,404,389,1213,228,398,414,1244,142,802,803,2457,370
1868,Øksnes,2012,387,419,1215,232,398,426,1240,150,785,845,2455,382
1868,Øksnes,2013,380,421,1219,226,380,437,1266,143,760,858,2485,369
1868,Øksnes,2014,398,437,1226,223,369,452,1302,155,767,889,2528,378
1870,Sortland - Suortá,1999,911,871,2295,459,1087,906,2297,268,1998,1777,4592,727
1870,Sortland - Suortá,2000,926,874,2334,476,1100,882,2358,280,2026,1756,4692,756
1870,Sortland - Suortá,2001,954,862,2377,488,1123,892,2400,267,2077,1754,4777,755
1870,Sortland - Suortá,2002,966,855,2420,479,1132,861,2443,252,2098,1716,4863,731
1870,Sortland - Suortá,2003,988,840,2441,495,1122,868,2472,250,2110,1708,4913,745
1870,Sortland - Suortá,2004,981,854,2459,494,1104,885,2478,254,2085,1739,4937,748
1870,Sortland - Suortá,2005,977,844,2493,497,1075,910,2498,242,2052,1754,4991,739
1870,Sortland - Suortá,2006,965,865,2523,499,1074,937,2527,249,2039,1802,5050,748
1870,Sortland - Suortá,2007,943,894,2543,491,1053,962,2556,261,1996,1856,5099,752
1870,Sortland - Suortá,2008,918,886,2554,476,1028,972,2588,256,1946,1858,5142,732
1870,Sortland - Suortá,2009,920,876,2581,460,1016,998,2632,249,1936,1874,5213,709
1870,Sortland - Suortá,2010,929,911,2610,443,1009,1030,2647,240,1938,1941,5257,683
1870,Sortland - Suortá,2011,936,900,2628,433,988,1034,2705,232,1924,1934,5333,665
1870,Sortland - Suortá,2012,935,933,2653,435,999,1055,2740,233,1934,1988,5393,668
1870,Sortland - Suortá,2013,928,914,2705,430,1007,1072,2776,250,1935,1986,5481,680
1870,Sortland - Suortá,2014,919,937,2735,420,988,1101,2769,260,1907,2038,5504,680
1871,Andøy,1999,524,492,1487,379,529,593,1543,218,1053,1085,3030,597
1871,Andøy,2000,522,479,1494,373,556,565,1541,214,1078,1044,3035,587
1871,Andøy,2001,511,476,1456,371,537,530,1520,204,1048,1006,2976,575
1871,Andøy,2002,521,437,1463,371,549,490,1524,194,1070,927,2987,565
1871,Andøy,2003,519,415,1462,366,541,471,1517,186,1060,886,2979,552
1871,Andøy,2004,510,400,1452,359,536,485,1493,195,1046,885,2945,554
1871,Andøy,2005,492,390,1439,354,512,484,1474,196,1004,874,2913,550
1871,Andøy,2006,460,384,1415,357,484,476,1475,194,944,860,2890,551
1871,Andøy,2007,434,390,1401,344,483,437,1475,188,917,827,2876,532
1871,Andøy,2008,435,386,1387,334,469,428,1452,187,904,814,2839,521
1871,Andøy,2009,434,364,1390,321,466,425,1437,197,900,789,2827,518
1871,Andøy,2010,430,367,1380,318,453,437,1427,190,883,804,2807,508
1871,Andøy,2011,409,395,1380,321,437,458,1441,192,846,853,2821,513
1871,Andøy,2012,396,400,1373,321,436,452,1466,188,832,852,2839,509
1871,Andøy,2013,385,433,1351,316,441,464,1442,192,826,897,2793,508
1871,Andøy,2014,388,434,1342,311,435,464,1421,198,823,898,2763,509
1874,Moskenes,1999,114,116,323,80,140,153,384,45,254,269,707,125
1874,Moskenes,2000,116,111,317,86,140,151,382,49,256,262,699,135
1874,Moskenes,2001,107,108,314,84,128,134,374,55,235,242,688,139
1874,Moskenes,2002,106,99,315,85,125,125,366,61,231,224,681,146
1874,Moskenes,2003,98,104,306,84,130,103,361,62,228,207,667,146
1874,Moskenes,2004,91,104,303,82,122,102,349,59,213,206,652,141
1874,Moskenes,2005,87,101,298,81,123,105,347,59,210,206,645,140
1874,Moskenes,2006,86,95,299,80,109,111,340,63,195,206,639,143
1874,Moskenes,2007,83,94,299,73,108,102,333,64,191,196,632,137
1874,Moskenes,2008,84,89,295,69,105,93,330,63,189,182,625,132
1874,Moskenes,2009,81,83,285,76,102,90,338,61,183,173,623,137
1874,Moskenes,2010,80,84,286,80,98,101,342,59,178,185,628,139
1874,Moskenes,2011,82,77,282,81,90,104,346,58,172,181,628,139
1874,Moskenes,2012,74,76,285,80,89,100,350,62,163,176,635,142
1874,Moskenes,2013,77,75,295,74,87,94,352,64,164,169,647,138
1874,Moskenes,2014,71,74,287,78,80,108,345,65,151,182,632,143
1902,Tromsø,1999,5999,6329,15186,1690,6492,6147,15345,933,12491,12476,30531,2623
1902,Tromsø,2000,6162,6285,15569,1710,6692,6046,15710,971,12854,12331,31279,2681
1902,Tromsø,2001,6233,6287,15883,1714,6843,6115,16011,1000,13076,12402,31894,2714
1902,Tromsø,2002,6282,6207,16104,1746,6879,5991,16297,1018,13161,12198,32401,2764
1902,Tromsø,2003,6292,6133,16414,1828,6897,6007,16606,1005,13189,12140,33020,2833
1902,Tromsø,2004,6286,6078,16770,1873,6898,6052,16931,1009,13184,12130,33701,2882
1902,Tromsø,2005,6327,6088,17023,1892,6867,6050,17261,1050,13194,12138,34284,2942
1902,Tromsø,2006,6350,6226,17321,1880,6879,6291,17577,1072,13229,12517,34898,2952
1902,Tromsø,2007,6374,6380,17585,1886,6813,6496,17851,1107,13187,12876,35436,2993
1902,Tromsø,2008,6259,6610,17798,1878,6820,6752,18059,1110,13079,13362,35857,2988
1902,Tromsø,2009,6339,6846,18056,1872,6884,7004,18371,1141,13223,13850,36427,3013
1902,Tromsø,2010,6367,6928,18334,1856,6868,7171,18600,1181,13235,14099,36934,3037
1902,Tromsø,2011,6360,7144,18571,1884,6847,7370,18850,1213,13207,14514,37421,3097
1902,Tromsø,2012,6323,7369,18813,1889,6810,7529,19132,1251,13133,14898,37945,3140
1902,Tromsø,2013,6331,7574,19118,1920,6812,7868,19461,1274,13143,15442,38579,3194
1902,Tromsø,2014,6333,7814,19385,1946,6817,8066,19916,1313,13150,15880,39301,3259
1911,Kvæfjord,1999,353,280,830,208,339,335,872,97,692,615,1702,305
1911,Kvæfjord,2000,352,279,820,198,339,352,856,91,691,631,1676,289
1911,Kvæfjord,2001,348,265,815,187,324,340,855,91,672,605,1670,278
1911,Kvæfjord,2002,332,256,817,182,323,304,851,86,655,560,1668,268
1911,Kvæfjord,2003,327,236,832,161,319,284,854,89,646,520,1686,250
1911,Kvæfjord,2004,316,222,838,159,306,273,863,95,622,495,1701,254
1911,Kvæfjord,2005,325,220,842,152,311,274,852,96,636,494,1694,248
1911,Kvæfjord,2006,308,239,840,153,301,269,860,97,609,508,1700,250
1911,Kvæfjord,2007,295,240,843,148,298,274,857,93,593,514,1700,241
1911,Kvæfjord,2008,271,248,852,151,299,275,849,91,570,523,1701,242
1911,Kvæfjord,2009,255,273,840,145,309,272,844,94,564,545,1684,239
1911,Kvæfjord,2010,257,275,838,142,297,307,842,91,554,582,1680,233
1911,Kvæfjord,2011,243,286,838,144,293,297,851,98,536,583,1689,242
1911,Kvæfjord,2012,226,300,834,142,278,289,855,101,504,589,1689,243
1911,Kvæfjord,2013,223,323,823,146,283,319,848,117,506,642,1671,263
1911,Kvæfjord,2014,231,318,835,155,281,318,855,114,512,636,1690,269
1913,Skånland,1999,267,322,796,176,275,343,841,120,542,665,1637,296
1913,Skånland,2000,261,319,788,174,274,339,836,118,535,658,1624,292
1913,Skånland,2001,251,318,778,176,251,363,845,114,502,681,1623,290
1913,Skånland,2002,248,313,782,179,242,343,844,113,490,656,1626,292
1913,Skånland,2003,253,298,791,176,232,332,845,113,485,630,1636,289
1913,Skånland,2004,242,292,800,177,226,313,851,104,468,605,1651,281
1913,Skånland,2005,233,289,792,166,218,299,849,108,451,588,1641,274
1913,Skånland,2006,227,267,790,170,208,294,849,113,435,561,1639,283
1913,Skånland,2007,221,241,794,168,206,289,844,120,427,530,1638,288
1913,Skånland,2008,225,237,787,170,199,280,856,108,424,517,1643,278
1913,Skånland,2009,226,233,795,166,200,259,851,111,426,492,1646,277
1913,Skånland,2010,224,224,799,163,195,260,876,114,419,484,1675,277
1913,Skånland,2011,234,215,816,158,202,277,881,113,436,492,1697,271
1913,Skånland,2012,239,234,829,156,219,283,903,109,458,517,1732,265
1913,Skånland,2013,244,226,825,150,212,263,915,105,456,489,1740,255
1913,Skånland,2014,256,221,836,154,213,252,912,107,469,473,1748,261
1917,Ibestad,1999,131,146,466,160,129,172,501,103,260,318,967,263
1917,Ibestad,2000,123,135,469,154,126,165,489,102,249,300,958,256
1917,Ibestad,2001,125,125,460,154,119,157,489,95,244,282,949,249
1917,Ibestad,2002,118,129,454,157,135,145,482,95,253,274,936,252
1917,Ibestad,2003,120,126,449,147,133,145,477,92,253,271,926,239
1917,Ibestad,2004,126,130,447,146,142,141,470,94,268,271,917,240
1917,Ibestad,2005,123,125,439,143,132,135,459,93,255,260,898,236
1917,Ibestad,2006,115,126,426,151,127,132,460,93,242,258,886,244
1917,Ibestad,2007,112,116,419,151,113,131,436,96,225,247,855,247
1917,Ibestad,2008,101,111,415,146,103,120,425,90,204,231,840,236
1917,Ibestad,2009,89,101,392,143,99,112,413,91,188,213,805,234
1917,Ibestad,2010,82,99,380,141,101,111,409,85,183,210,789,226
1917,Ibestad,2011,79,100,378,140,92,128,412,90,171,228,790,230
1917,Ibestad,2012,80,109,373,133,91,125,414,85,171,234,787,218
1917,Ibestad,2013,76,115,371,132,99,123,424,81,175,238,795,213
1917,Ibestad,2014,82,114,379,126,102,126,425,82,184,240,804,208
1919,Gratangen,1999,107,110,325,106,127,127,368,59,234,237,693,165
1919,Gratangen,2000,112,117,318,102,132,131,368,65,244,248,686,167
1919,Gratangen,2001,111,104,313,103,126,124,361,65,237,228,674,168
1919,Gratangen,2002,111,109,312,102,128,130,365,59,239,239,677,161
1919,Gratangen,2003,108,109,306,101,138,120,363,57,246,229,669,158
1919,Gratangen,2004,110,99,306,97,131,124,352,63,241,223,658,160
1919,Gratangen,2005,110,92,313,95,132,111,352,63,242,203,665,158
1919,Gratangen,2006,101,90,310,90,124,115,351,64,225,205,661,154
1919,Gratangen,2007,99,87,306,90,117,116,348,63,216,203,654,153
1919,Gratangen,2008,90,77,300,90,107,113,326,65,197,190,626,155
1919,Gratangen,2009,85,80,299,90,99,106,328,64,184,186,627,154
1919,Gratangen,2010,89,76,301,88,97,104,333,62,186,180,634,150
1919,Gratangen,2011,81,75,291,86,90,107,325,60,171,182,616,146
1919,Gratangen,2012,82,80,295,87,91,109,333,59,173,189,628,146
1919,Gratangen,2013,84,73,295,84,92,101,332,58,176,174,627,142
1919,Gratangen,2014,87,82,290,88,84,105,338,61,171,187,628,149
1920,Loabák - Lavangen,1999,94,81,261,90,98,116,286,44,192,197,547,134
1920,Loabák - Lavangen,2000,92,80,259,88,94,114,283,42,186,194,542,130
1920,Loabák - Lavangen,2001,89,73,268,85,88,107,283,38,177,180,551,123
1920,Loabák - Lavangen,2002,99,81,262,86,86,108,288,40,185,189,550,126
1920,Loabák - Lavangen,2003,98,87,264,86,91,112,293,38,189,199,557,124
1920,Loabák - Lavangen,2004,91,90,255,89,102,102,289,45,193,192,544,134
1920,Loabák - Lavangen,2005,82,81,255,92,96,90,288,45,178,171,543,137
1920,Loabák - Lavangen,2006,87,83,250,95,107,82,291,40,194,165,541,135
1920,Loabák - Lavangen,2007,83,74,252,91,99,84,283,45,182,158,535,136
1920,Loabák - Lavangen,2008,86,76,253,89,99,78,281,48,185,154,534,137
1920,Loabák - Lavangen,2009,85,90,248,87,101,77,286,49,186,167,534,136
1920,Loabák - Lavangen,2010,83,84,251,80,98,79,289,48,181,163,540,128
1920,Loabák - Lavangen,2011,86,85,247,73,94,85,282,51,180,170,529,124
1920,Loabák - Lavangen,2012,91,82,252,68,93,93,287,50,184,175,539,118
1920,Loabák - Lavangen,2013,97,73,254,67,91,93,291,46,188,166,545,113
1920,Loabák - Lavangen,2014,97,73,249,70,91,92,294,48,188,165,543,118
1922,Bardu,1999,350,395,954,155,376,487,987,90,726,882,1941,245
1922,Bardu,2000,379,394,956,164,406,494,1006,90,785,888,1962,254
1922,Bardu,2001,367,379,960,162,391,491,1008,87,758,870,1968,249
1922,Bardu,2002,352,371,950,171,369,503,997,86,721,874,1947,257
1922,Bardu,2003,353,364,956,178,362,526,1013,89,715,890,1969,267
1922,Bardu,2004,351,361,959,179,379,518,1015,93,730,879,1974,272
1922,Bardu,2005,365,358,974,185,389,477,1023,103,754,835,1997,288
1922,Bardu,2006,366,333,989,176,375,432,1016,112,741,765,2005,288
1922,Bardu,2007,402,314,1020,174,390,456,1054,110,792,770,2074,284
1922,Bardu,2008,395,342,1018,184,383,499,1054,119,778,841,2072,303
1922,Bardu,2009,402,356,1028,182,386,447,1060,120,788,803,2088,302
1922,Bardu,2010,390,348,1029,183,384,441,1049,125,774,789,2078,308
1922,Bardu,2011,378,343,1039,176,390,419,1071,126,768,762,2110,302
1922,Bardu,2012,369,330,1037,174,376,410,1051,128,745,740,2088,302
1922,Bardu,2013,367,336,1046,182,369,463,1041,129,736,799,2087,311
1922,Bardu,2014,361,362,1040,184,374,491,1043,130,735,853,2083,314
1923,Salangen (1977-2019),1999,220,222,573,135,228,262,660,84,448,484,1233,219
1923,Salangen (1977-2019),2000,214,210,579,121,227,258,655,82,441,468,1234,203
1923,Salangen (1977-2019),2001,225,201,582,119,231,250,668,82,456,451,1250,201
1923,Salangen (1977-2019),2002,223,190,574,112,232,229,661,82,455,419,1235,194
1923,Salangen (1977-2019),2003,216,179,576,108,224,218,664,75,440,397,1240,183
1923,Salangen (1977-2019),2004,225,184,585,104,217,223,654,73,442,407,1239,177
1923,Salangen (1977-2019),2005,217,163,587,104,214,236,647,76,431,399,1234,180
1923,Salangen (1977-2019),2006,209,171,600,103,222,240,644,74,431,411,1244,177
1923,Salangen (1977-2019),2007,202,176,596,100,216,224,641,77,418,400,1237,177
1923,Salangen (1977-2019),2008,194,169,589,91,199,225,629,73,393,394,1218,164
1923,Salangen (1977-2019),2009,200,189,591,95,200,215,642,71,400,404,1233,166
1923,Salangen (1977-2019),2010,188,201,595,92,198,228,642,67,386,429,1237,159
1923,Salangen (1977-2019),2011,186,192,594,82,181,236,640,68,367,428,1234,150
1923,Salangen (1977-2019),2012,188,211,600,87,184,232,640,72,372,443,1240,159
1923,Salangen (1977-2019),2013,186,197,612,79,176,251,647,72,362,448,1259,151
1923,Salangen (1977-2019),2014,177,209,615,82,160,260,642,78,337,469,1257,160
1924,Målselv,1999,693,700,1699,314,789,839,1822,181,1482,1539,3521,495
1924,Målselv,2000,685,664,1710,322,776,854,1863,180,1461,1518,3573,502
1924,Målselv,2001,701,629,1734,329,755,809,1869,185,1456,1438,3603,514
1924,Målselv,2002,676,595,1708,337,729,780,1845,186,1405,1375,3553,523
1924,Målselv,2003,671,577,1701,334,739,801,1840,182,1410,1378,3541,516
1924,Målselv,2004,660,566,1706,321,714,736,1849,187,1374,1302,3555,508
1924,Målselv,2005,647,562,1701,316,680,719,1849,184,1327,1281,3550,500
1924,Målselv,2006,627,542,1700,323,663,703,1836,184,1290,1245,3536,507
1924,Målselv,2007,622,551,1689,319,661,721,1841,186,1283,1272,3530,505
1924,Målselv,2008,615,562,1670,329,658,739,1830,200,1273,1301,3500,529
1924,Målselv,2009,608,554,1669,329,627,678,1822,203,1235,1232,3491,532
1924,Målselv,2010,583,554,1678,319,607,729,1830,210,1190,1283,3508,529
1924,Målselv,2011,573,582,1684,310,605,763,1829,217,1178,1345,3513,527
1924,Målselv,2012,577,594,1701,307,610,780,1815,215,1187,1374,3516,522
1924,Målselv,2013,544,617,1706,311,608,795,1828,221,1152,1412,3534,532
1924,Målselv,2014,518,630,1671,329,585,840,1837,224,1103,1470,3508,553
1925,Sørreisa,1999,323,314,860,181,338,330,878,77,661,644,1738,258
1925,Sørreisa,2000,320,307,862,174,354,325,869,83,674,632,1731,257
1925,Sørreisa,2001,323,275,865,177,355,322,869,91,678,597,1734,268
1925,Sørreisa,2002,326,258,872,174,365,317,894,92,691,575,1766,266
1925,Sørreisa,2003,331,270,881,167,356,325,893,89,687,595,1774,256
1925,Sørreisa,2004,332,265,890,159,349,328,913,90,681,593,1803,249
1925,Sørreisa,2005,348,250,884,153,367,323,914,91,715,573,1798,244
1925,Sørreisa,2006,339,249,887,157,362,321,919,88,701,570,1806,245
1925,Sørreisa,2007,338,261,889,152,354,306,916,99,692,567,1805,251
1925,Sørreisa,2008,341,267,898,147,347,299,917,96,688,566,1815,243
1925,Sørreisa,2009,344,269,914,152,352,298,939,92,696,567,1853,244
1925,Sørreisa,2010,332,283,919,144,352,296,952,88,684,579,1871,232
1925,Sørreisa,2011,328,290,921,142,343,295,956,96,671,585,1877,238
1925,Sørreisa,2012,315,303,921,144,337,306,965,90,652,609,1886,234
1925,Sørreisa,2013,307,316,930,148,336,314,963,93,643,630,1893,241
1925,Sørreisa,2014,303,312,939,158,337,334,966,101,640,646,1905,259
1926,Dyrøy,1999,104,123,357,106,132,118,362,63,236,241,719,169
1926,Dyrøy,2000,105,112,356,100,124,116,360,64,229,228,716,164
1926,Dyrøy,2001,99,102,352,100,130,115,356,64,229,217,708,164
1926,Dyrøy,2002,99,98,346,109,134,107,348,68,233,205,694,177
1926,Dyrøy,2003,103,100,348,109,129,111,348,69,232,211,696,178
1926,Dyrøy,2004,102,101,335,115,130,109,348,63,232,210,683,178
1926,Dyrøy,2005,101,101,337,110,128,103,346,62,229,204,683,172
1926,Dyrøy,2006,110,94,336,110,131,98,357,59,241,192,693,169
1926,Dyrøy,2007,103,98,332,103,120,101,354,54,223,199,686,157
1926,Dyrøy,2008,100,91,324,107,108,101,352,49,208,192,676,156
1926,Dyrøy,2009,97,91,330,102,99,106,342,49,196,197,672,151
1926,Dyrøy,2010,100,92,327,106,95,117,346,50,195,209,673,156
1926,Dyrøy,2011,96,88,324,99,85,120,344,49,181,208,668,148
1926,Dyrøy,2012,91,84,325,100,76,123,337,52,167,207,662,152
1926,Dyrøy,2013,92,89,326,92,82,115,342,52,174,204,668,144
1926,Dyrøy,2014,90,84,331,82,81,103,345,55,171,187,676,137
1927,Tranøy,1999,132,119,442,129,151,174,470,56,283,293,912,185
1927,Tranøy,2000,160,115,449,132,153,167,463,56,313,282,912,188
1927,Tranøy,2001,155,123,448,126,161,160,468,65,316,283,916,191
1927,Tranøy,2002,153,117,436,129,153,152,477,67,306,269,913,196
1927,Tranøy,2003,152,112,445,134,163,149,482,67,315,261,927,201
1927,Tranøy,2004,151,120,434,130,152,144,466,65,303,264,900,195
1927,Tranøy,2005,142,118,437,125,146,126,469,69,288,244,906,194
1927,Tranøy,2006,135,116,431,122,144,119,464,67,279,235,895,189
1927,Tranøy,2007,126,120,423,124,130,116,463,68,256,236,886,192
1927,Tranøy,2008,124,119,428,121,131,126,466,64,255,245,894,185
1927,Tranøy,2009,116,110,426,118,130,125,448,64,246,235,874,182
1927,Tranøy,2010,124,110,421,115,133,128,452,69,257,238,873,184
1927,Tranøy,2011,114,117,421,115,128,132,433,78,242,249,854,193
1927,Tranøy,2012,118,114,420,112,122,127,432,79,240,241,852,191
1927,Tranøy,2013,110,110,417,115,118,131,438,75,228,241,855,190
1927,Tranøy,2014,123,105,422,112,120,122,432,74,243,227,854,186
1928,Torsken,1999,117,89,294,93,99,114,311,53,216,203,605,146
1928,Torsken,2000,123,81,300,93,97,109,320,43,220,190,620,136
1928,Torsken,2001,116,81,295,91,94,102,308,43,210,183,603,134
1928,Torsken,2002,106,86,293,93,95,103,316,37,201,189,609,130
1928,Torsken,2003,96,90,287,97,94,102,318,35,190,192,605,132
1928,Torsken,2004,94,88,280,95,88,89,318,35,182,177,598,130
1928,Torsken,2005,77,85,272,94,77,89,299,40,154,174,571,134
1928,Torsken,2006,81,85,259,89,76,84,293,38,157,169,552,127
1928,Torsken,2007,65,81,263,83,75,82,296,33,140,163,559,116
1928,Torsken,2008,62,69,256,79,69,80,288,34,131,149,544,113
1928,Torsken,2009,57,69,248,78,69,87,275,33,126,156,523,111
1928,Torsken,2010,50,76,240,79,68,90,267,29,118,166,507,108
1928,Torsken,2011,48,84,238,79,67,92,269,34,115,176,507,113
1928,Torsken,2012,55,72,238,77,60,90,263,37,115,162,501,114
1928,Torsken,2013,56,68,240,71,62,84,255,44,118,152,495,115
1928,Torsken,2014,59,65,237,74,59,81,260,43,118,146,497,117
1929,Berg,1999,135,93,268,76,111,96,292,49,246,189,560,125
1929,Berg,2000,137,89,266,72,111,98,293,45,248,187,559,117
1929,Berg,2001,133,95,270,66,102,91,296,41,235,186,566,107
1929,Berg,2002,117,84,264,74,97,91,294,40,214,175,558,114
1929,Berg,2003,113,82,265,68,90,90,295,39,203,172,560,107
1929,Berg,2004,112,89,271,62,91,89,290,39,203,178,561,101
1929,Berg,2005,100,87,270,65,91,78,285,38,191,165,555,103
1929,Berg,2006,90,84,266,67,88,79,284,38,178,163,550,105
1929,Berg,2007,75,83,260,67,85,77,278,37,160,160,538,104
1929,Berg,2008,61,89,248,69,71,85,276,38,132,174,524,107
1929,Berg,2009,57,86,244,69,73,91,283,39,130,177,527,108
1929,Berg,2010,46,84,241,67,69,105,277,37,115,189,518,104
1929,Berg,2011,50,88,240,66,66,98,262,37,116,186,502,103
1929,Berg,2012,48,90,237,67,60,92,256,37,108,182,493,104
1929,Berg,2013,56,85,242,65,69,103,265,39,125,188,507,104
1929,Berg,2014,58,84,239,59,68,104,271,35,126,188,510,94
1931,Lenvik,1999,1070,1069,2793,486,1186,1187,2919,273,2256,2256,5712,759
1931,Lenvik,2000,1094,1032,2827,490,1226,1122,2970,278,2320,2154,5797,768
1931,Lenvik,2001,1128,1024,2845,504,1276,1094,2983,285,2404,2118,5828,789
1931,Lenvik,2002,1112,997,2840,512,1278,1070,2978,293,2390,2067,5818,805
1931,Lenvik,2003,1110,959,2860,526,1248,1050,2992,304,2358,2009,5852,830
1931,Lenvik,2004,1116,965,2875,527,1231,1071,3021,301,2347,2036,5896,828
1931,Lenvik,2005,1111,929,2872,546,1188,1063,3029,297,2299,1992,5901,843
1931,Lenvik,2006,1085,952,2883,560,1196,1055,3006,314,2281,2007,5889,874
1931,Lenvik,2007,1088,938,2877,558,1199,1029,3033,305,2287,1967,5910,863
1931,Lenvik,2008,1105,949,2882,572,1205,1069,3069,309,2310,2018,5951,881
1931,Lenvik,2009,1112,947,2929,565,1180,1083,3085,306,2292,2030,6014,871
1931,Lenvik,2010,1125,965,2947,548,1186,1086,3076,310,2311,2051,6023,858
1931,Lenvik,2011,1115,967,2979,521,1192,1100,3103,317,2307,2067,6082,838
1931,Lenvik,2012,1082,1000,2991,518,1177,1110,3152,315,2259,2110,6143,833
1931,Lenvik,2013,1094,1042,3031,519,1165,1112,3157,335,2259,2154,6188,854
1931,Lenvik,2014,1091,1053,3046,516,1159,1165,3186,341,2250,2218,6232,857
1933,Balsfjord,1999,504,493,1476,319,583,566,1680,193,1087,1059,3156,512
1933,Balsfjord,2000,515,451,1485,313,571,538,1684,192,1086,989,3169,505
1933,Balsfjord,2001,536,435,1487,307,584,506,1690,197,1120,941,3177,504
1933,Balsfjord,2002,523,376,1487,312,571,503,1675,195,1094,879,3162,507
1933,Balsfjord,2003,529,369,1500,307,563,491,1687,192,1092,860,3187,499
1933,Balsfjord,2004,533,377,1505,299,556,459,1703,179,1089,836,3208,478
1933,Balsfjord,2005,519,359,1496,309,533,465,1693,186,1052,824,3189,495
1933,Balsfjord,2006,513,377,1499,304,519,464,1700,193,1032,841,3199,497
1933,Balsfjord,2007,523,384,1493,303,525,463,1677,201,1048,847,3170,504
1933,Balsfjord,2008,510,384,1490,298,502,486,1659,200,1012,870,3149,498
1933,Balsfjord,2009,500,385,1469,306,487,477,1672,201,987,862,3141,507
1933,Balsfjord,2010,498,400,1469,304,478,492,1661,213,976,892,3130,517
1933,Balsfjord,2011,482,436,1462,304,460,492,1654,227,942,928,3116,531
1933,Balsfjord,2012,459,459,1450,319,468,469,1644,234,927,928,3094,553
1933,Balsfjord,2013,458,462,1464,327,462,488,1648,253,920,950,3112,580
1933,Balsfjord,2014,442,470,1476,321,436,533,1658,257,878,1003,3134,578
1936,Karlsøy,1999,213,198,606,130,247,256,728,84,460,454,1334,214
1936,Karlsøy,2000,221,197,611,130,249,268,740,80,470,465,1351,210
1936,Karlsøy,2001,222,192,615,132,259,242,724,79,481,434,1339,211
1936,Karlsøy,2002,226,196,615,125,250,242,734,76,476,438,1349,201
1936,Karlsøy,2003,224,200,624,119,247,235,731,83,471,435,1355,202
1936,Karlsøy,2004,207,187,627,116,228,226,734,81,435,413,1361,197
1936,Karlsøy,2005,194,177,639,112,222,225,721,82,416,402,1360,194
1936,Karlsøy,2006,191,181,638,113,199,226,732,89,390,407,1370,202
1936,Karlsøy,2007,184,182,633,114,199,214,727,91,383,396,1360,205
1936,Karlsøy,2008,188,194,636,120,193,217,754,102,381,411,1390,222
1936,Karlsøy,2009,189,192,627,126,185,208,744,112,374,400,1371,238
1936,Karlsøy,2010,186,188,623,123,196,213,736,106,382,401,1359,229
1936,Karlsøy,2011,172,177,625,131,182,227,739,104,354,404,1364,235
1936,Karlsøy,2012,167,175,628,136,179,237,727,106,346,412,1355,242
1936,Karlsøy,2013,156,178,617,137,164,228,725,112,320,406,1342,249
1936,Karlsøy,2014,157,196,626,136,156,227,724,112,313,423,1350,248
1938,Lyngen,1999,297,301,796,186,307,379,867,112,604,680,1663,298
1938,Lyngen,2000,292,291,812,182,311,367,852,118,603,658,1664,300
1938,Lyngen,2001,297,277,809,178,307,355,853,117,604,632,1662,295
1938,Lyngen,2002,288,264,819,177,305,340,868,122,593,604,1687,299
1938,Lyngen,2003,287,262,815,172,309,334,882,115,596,596,1697,287
1938,Lyngen,2004,287,262,814,164,304,333,885,118,591,595,1699,282
1938,Lyngen,2005,284,252,817,168,303,329,883,122,587,581,1700,290
1938,Lyngen,2006,279,245,821,169,308,321,891,127,587,566,1712,296
1938,Lyngen,2007,283,252,836,175,309,312,902,130,592,564,1738,305
1938,Lyngen,2008,287,259,839,176,317,296,905,129,604,555,1744,305
1938,Lyngen,2009,275,248,822,176,316,293,907,129,591,541,1729,305
1938,Lyngen,2010,276,259,825,177,292,300,897,126,568,559,1722,303
1938,Lyngen,2011,264,246,804,184,269,298,897,124,533,544,1701,308
1938,Lyngen,2012,258,223,789,193,245,292,905,123,503,515,1694,316
1938,Lyngen,2013,246,236,789,192,248,277,902,123,494,513,1691,315
1938,Lyngen,2014,245,227,794,194,241,271,892,128,486,498,1686,322
1939,Storfjord - Omasvuotna - Omasvuono,1999,162,191,454,87,181,218,525,45,343,409,979,132
1939,Storfjord - Omasvuotna - Omasvuono,2000,165,187,463,86,178,220,531,42,343,407,994,128
1939,Storfjord - Omasvuotna - Omasvuono,2001,160,178,469,85,180,207,535,42,340,385,1004,127
1939,Storfjord - Omasvuotna - Omasvuono,2002,163,176,475,81,181,202,544,38,344,378,1019,119
1939,Storfjord - Omasvuotna - Omasvuono,2003,159,172,475,85,195,201,557,35,354,373,1032,120
1939,Storfjord - Omasvuotna - Omasvuono,2004,168,172,482,89,192,201,564,44,360,373,1046,133
1939,Storfjord - Omasvuotna - Omasvuono,2005,171,161,501,90,202,188,579,42,373,349,1080,132
1939,Storfjord - Omasvuotna - Omasvuono,2006,169,162,506,87,212,171,579,46,381,333,1085,133
1939,Storfjord - Omasvuotna - Omasvuono,2007,160,149,517,75,224,163,581,42,384,312,1098,117
1939,Storfjord - Omasvuotna - Omasvuono,2008,162,151,514,76,205,154,590,41,367,305,1104,117
1939,Storfjord - Omasvuotna - Omasvuono,2009,166,145,508,82,193,151,583,41,359,296,1091,123
1939,Storfjord - Omasvuotna - Omasvuono,2010,160,156,506,81,189,168,588,40,349,324,1094,121
1939,Storfjord - Omasvuotna - Omasvuono,2011,156,152,510,79,181,179,591,46,337,331,1101,125
1939,Storfjord - Omasvuotna - Omasvuono,2012,162,156,517,79,172,181,594,48,334,337,1111,127
1939,Storfjord - Omasvuotna - Omasvuono,2013,163,157,529,82,171,193,595,52,334,350,1124,134
1939,Storfjord - Omasvuotna - Omasvuono,2014,162,164,526,86,163,190,594,56,325,354,1120,142
1940,Gáivuotna - Kåfjord - Kaivuono,1999,239,212,594,103,240,264,706,71,479,476,1300,174
1940,Gáivuotna - Kåfjord - Kaivuono,2000,229,194,584,111,217,256,705,73,446,450,1289,184
1940,Gáivuotna - Kåfjord - Kaivuono,2001,235,175,580,112,205,237,684,83,440,412,1264,195
1940,Gáivuotna - Kåfjord - Kaivuono,2002,242,179,586,118,207,229,699,84,449,408,1285,202
1940,Gáivuotna - Kåfjord - Kaivuono,2003,232,188,589,123,216,223,699,89,448,411,1288,212
1940,Gáivuotna - Kåfjord - Kaivuono,2004,217,192,593,121,210,213,696,90,427,405,1289,211
1940,Gáivuotna - Kåfjord - Kaivuono,2005,215,180,591,115,205,215,689,78,420,395,1280,193
1940,Gáivuotna - Kåfjord - Kaivuono,2006,207,182,584,120,193,215,682,78,400,397,1266,198
1940,Gáivuotna - Kåfjord - Kaivuono,2007,199,174,572,127,175,215,676,82,374,389,1248,209
1940,Gáivuotna - Kåfjord - Kaivuono,2008,211,178,578,123,178,214,682,84,389,392,1260,207
1940,Gáivuotna - Kåfjord - Kaivuono,2009,206,190,576,125,180,202,673,84,386,392,1249,209
1940,Gáivuotna - Kåfjord - Kaivuono,2010,188,193,576,120,162,222,673,73,350,415,1249,193
1940,Gáivuotna - Kåfjord - Kaivuono,2011,172,197,558,127,159,219,674,79,331,416,1232,206
1940,Gáivuotna - Kåfjord - Kaivuono,2012,168,209,568,125,162,220,678,80,330,429,1246,205
1940,Gáivuotna - Kåfjord - Kaivuono,2013,161,202,559,135,164,220,680,87,325,422,1239,222
1940,Gáivuotna - Kåfjord - Kaivuono,2014,153,212,557,139,167,221,681,91,320,433,1238,230
1941,Skjervøy,1999,283,317,724,134,327,297,776,56,610,614,1500,190
1941,Skjervøy,2000,289,312,722,131,337,296,787,60,626,608,1509,191
1941,Skjervøy,2001,312,304,740,137,336,303,802,62,648,607,1542,199
1941,Skjervøy,2002,315,289,746,139,347,286,827,65,662,575,1573,204
1941,Skjervøy,2003,312,278,753,137,360,275,835,71,672,553,1588,208
1941,Skjervøy,2004,300,267,768,135,350,278,831,73,650,545,1599,208
1941,Skjervøy,2005,300,267,768,126,337,295,839,71,637,562,1607,197
1941,Skjervøy,2006,289,268,761,132,331,293,812,85,620,561,1573,217
1941,Skjervøy,2007,292,271,752,135,312,303,820,81,604,574,1572,216
1941,Skjervøy,2008,284,256,764,127,315,292,817,79,599,548,1581,206
1941,Skjervøy,2009,257,251,760,129,305,292,824,79,562,543,1584,208
1941,Skjervøy,2010,247,258,764,135,275,301,819,82,522,559,1583,217
1941,Skjervøy,2011,247,266,765,133,263,304,815,92,510,570,1580,225
1941,Skjervøy,2012,243,273,777,127,253,308,807,92,496,581,1584,219
1941,Skjervøy,2013,247,277,772,131,239,320,821,98,486,597,1593,229
1941,Skjervøy,2014,236,275,768,130,238,315,815,104,474,590,1583,234
1942,Nordreisa - Ráisa - Raisi,1999,470,446,1176,228,492,490,1315,148,962,936,2491,376
1942,Nordreisa - Ráisa - Raisi,2000,476,460,1200,222,506,481,1330,146,982,941,2530,368
1942,Nordreisa - Ráisa - Raisi,2001,480,429,1209,215,506,476,1360,141,986,905,2569,356
1942,Nordreisa - Ráisa - Raisi,2002,454,416,1228,219,490,440,1342,150,944,856,2570,369
1942,Nordreisa - Ráisa - Raisi,2003,446,416,1229,221,482,429,1357,146,928,845,2586,367
1942,Nordreisa - Ráisa - Raisi,2004,421,438,1209,225,475,442,1353,147,896,880,2562,372
1942,Nordreisa - Ráisa - Raisi,2005,422,449,1217,232,461,464,1345,154,883,913,2562,386
1942,Nordreisa - Ráisa - Raisi,2006,426,446,1245,228,470,454,1342,161,896,900,2587,389
1942,Nordreisa - Ráisa - Raisi,2007,407,426,1229,230,468,437,1333,169,875,863,2562,399
1942,Nordreisa - Ráisa - Raisi,2008,398,413,1234,242,467,417,1319,175,865,830,2553,417
1942,Nordreisa - Ráisa - Raisi,2009,403,422,1248,236,466,424,1324,171,869,846,2572,407
1942,Nordreisa - Ráisa - Raisi,2010,406,446,1259,226,448,446,1358,168,854,892,2617,394
1942,Nordreisa - Ráisa - Raisi,2011,418,441,1269,230,457,452,1366,172,875,893,2635,402
1942,Nordreisa - Ráisa - Raisi,2012,408,443,1264,246,450,469,1365,162,858,912,2629,408
1942,Nordreisa - Ráisa - Raisi,2013,422,431,1279,242,439,506,1363,168,861,937,2642,410
1942,Nordreisa - Ráisa - Raisi,2014,425,434,1284,231,444,507,1359,170,869,941,2643,401
1943,Kvænangen,1999,107,111,375,93,148,129,433,62,255,240,808,155
1943,Kvænangen,2000,111,99,381,90,138,124,428,64,249,223,809,154
1943,Kvænangen,2001,112,102,375,95,138,120,424,61,250,222,799,156
1943,Kvænangen,2002,113,111,373,93,146,118,426,62,259,229,799,155
1943,Kvænangen,2003,112,108,367,96,146,112,419,58,258,220,786,154
1943,Kvænangen,2004,108,102,369,88,136,111,423,57,244,213,792,145
1943,Kvænangen,2005,110,99,371,90,134,115,425,57,244,214,796,147
1943,Kvænangen,2006,105,102,374,87,129,111,426,53,234,213,800,140
1943,Kvænangen,2007,101,100,367,86,127,106,409,55,228,206,776,141
1943,Kvænangen,2008,100,93,367,86,123,113,411,55,223,206,778,141
1943,Kvænangen,2009,98,88,363,81,114,115,416,55,212,203,779,136
1943,Kvænangen,2010,102,91,358,80,114,113,405,53,216,204,763,133
1943,Kvænangen,2011,97,89,351,76,107,125,394,55,204,214,745,131
1943,Kvænangen,2012,95,87,344,79,109,126,390,54,204,213,734,133
1943,Kvænangen,2013,91,81,326,85,96,128,385,53,187,209,711,138
1943,Kvænangen,2014,91,94,321,82,92,132,365,57,183,226,686,139
2002,Vardø,1999,244,262,716,135,265,298,800,79,509,560,1516,214
2002,Vardø,2000,240,239,699,138,256,263,785,85,496,502,1484,223
2002,Vardø,2001,248,250,700,131,253,272,762,78,501,522,1462,209
2002,Vardø,2002,224,243,676,133,245,233,760,72,469,476,1436,205
2002,Vardø,2003,224,216,669,130,233,211,743,70,457,427,1412,200
2002,Vardø,2004,207,197,642,139,219,215,708,69,426,412,1350,208
2002,Vardø,2005,198,202,646,132,225,186,705,72,423,388,1351,204
2002,Vardø,2006,194,196,648,136,206,192,692,74,400,388,1340,210
2002,Vardø,2007,180,183,638,134,206,188,684,73,386,371,1322,207
2002,Vardø,2008,162,168,609,143,189,181,671,67,351,349,1280,210
2002,Vardø,2009,160,163,596,141,171,186,662,65,331,349,1258,206
2002,Vardø,2010,160,157,587,140,156,190,664,70,316,347,1251,210
2002,Vardø,2011,144,168,582,134,155,187,666,75,299,355,1248,209
2002,Vardø,2012,138,170,584,127,155,191,679,78,293,361,1263,205
2002,Vardø,2013,129,180,579,128,153,193,688,78,282,373,1267,206
2002,Vardø,2014,136,166,578,130,143,197,697,72,279,363,1275,202
2003,Vadsø,1999,648,615,1553,222,699,625,1713,107,1347,1240,3266,329
2003,Vadsø,2000,654,590,1547,231,684,587,1725,112,1338,1177,3272,343
2003,Vadsø,2001,664,563,1580,226,707,582,1724,121,1371,1145,3304,347
2003,Vadsø,2002,657,523,1599,222,702,559,1734,124,1359,1082,3333,346
2003,Vadsø,2003,650,540,1621,213,703,523,1741,131,1353,1063,3362,344
2003,Vadsø,2004,645,549,1630,215,707,560,1756,124,1352,1109,3386,339
2003,Vadsø,2005,633,557,1640,213,698,570,1730,140,1331,1127,3370,353
2003,Vadsø,2006,628,539,1646,215,654,566,1717,149,1282,1105,3363,364
2003,Vadsø,2007,632,537,1634,226,656,570,1718,151,1288,1107,3352,377
2003,Vadsø,2008,602,562,1622,221,622,579,1704,150,1224,1141,3326,371
2003,Vadsø,2009,591,570,1626,216,609,623,1688,153,1200,1193,3314,369
2003,Vadsø,2010,579,582,1647,204,619,625,1694,151,1198,1207,3341,355
2003,Vadsø,2011,553,592,1633,214,607,668,1679,149,1160,1260,3312,363
2003,Vadsø,2012,544,590,1650,216,587,693,1686,159,1131,1283,3336,375
2003,Vadsø,2013,536,598,1659,216,570,731,1686,167,1106,1329,3345,383
2003,Vadsø,2014,547,600,1677,216,553,739,1716,175,1100,1339,3393,391
2004,Hammerfest,1999,910,911,2408,344,964,988,2453,173,1874,1899,4861,517
2004,Hammerfest,2000,919,896,2442,344,1004,959,2465,184,1923,1855,4907,528
2004,Hammerfest,2001,915,842,2470,346,983,922,2508,180,1898,1764,4978,526
2004,Hammerfest,2002,902,794,2453,352,955,879,2500,185,1857,1673,4953,537
2004,Hammerfest,2003,903,775,2507,348,960,848,2535,200,1863,1623,5042,548
2004,Hammerfest,2004,890,778,2556,357,951,857,2554,214,1841,1635,5110,571
2004,Hammerfest,2005,913,790,2577,347,939,873,2618,204,1852,1663,5195,551
2004,Hammerfest,2006,895,822,2567,352,970,899,2641,215,1865,1721,5208,567
2004,Hammerfest,2007,894,854,2557,354,947,920,2643,222,1841,1774,5200,576
2004,Hammerfest,2008,876,890,2517,343,917,962,2683,219,1793,1852,5200,562
2004,Hammerfest,2009,860,923,2526,350,904,982,2722,226,1764,1905,5248,576
2004,Hammerfest,2010,886,957,2587,339,942,1012,2778,223,1828,1969,5365,562
2004,Hammerfest,2011,882,995,2642,342,967,1063,2795,226,1849,2058,5437,568
2004,Hammerfest,2012,876,997,2636,350,937,1090,2828,220,1813,2087,5464,570
2004,Hammerfest,2013,886,1028,2645,347,947,1114,2874,231,1833,2142,5519,578
2004,Hammerfest,2014,910,1048,2726,335,976,1160,2892,240,1886,2208,5618,575
2011,Guovdageaidnu - Kautokeino,1999,334,399,714,67,369,399,797,42,703,798,1511,109
2011,Guovdageaidnu - Kautokeino,2000,323,372,727,66,352,380,803,45,675,752,1530,111
2011,Guovdageaidnu - Kautokeino,2001,329,360,739,66,357,374,809,42,686,734,1548,108
2011,Guovdageaidnu - Kautokeino,2002,319,345,736,76,348,371,814,43,667,716,1550,119
2011,Guovdageaidnu - Kautokeino,2003,311,338,748,75,349,346,812,43,660,684,1560,118
2011,Guovdageaidnu - Kautokeino,2004,294,326,756,75,345,346,816,44,639,672,1572,119
2011,Guovdageaidnu - Kautokeino,2005,286,327,754,77,334,347,829,43,620,674,1583,120
2011,Guovdageaidnu - Kautokeino,2006,282,332,748,87,332,335,840,42,614,667,1588,129
2011,Guovdageaidnu - Kautokeino,2007,279,313,745,89,311,326,854,48,590,639,1599,137
2011,Guovdageaidnu - Kautokeino,2008,279,294,752,87,300,324,863,48,579,618,1615,135
2011,Guovdageaidnu - Kautokeino,2009,293,286,767,85,299,322,860,59,592,608,1627,144
2011,Guovdageaidnu - Kautokeino,2010,286,281,764,87,294,311,863,63,580,592,1627,150
2011,Guovdageaidnu - Kautokeino,2011,270,288,770,88,282,317,863,57,552,605,1633,145
2011,Guovdageaidnu - Kautokeino,2012,257,288,764,100,289,303,867,59,546,591,1631,159
2011,Guovdageaidnu - Kautokeino,2013,256,291,756,105,283,301,873,58,539,592,1629,163
2011,Guovdageaidnu - Kautokeino,2014,266,281,756,109,277,298,883,61,543,579,1639,170
2012,Alta,1999,1973,1773,3985,455,2114,1896,4092,238,4087,3669,8077,693
2012,Alta,2000,2061,1788,4061,459,2140,1883,4209,236,4201,3671,8270,695
2012,Alta,2001,2086,1787,4151,463,2209,1816,4318,249,4295,3603,8469,712
2012,Alta,2002,2051,1736,4260,455,2216,1790,4397,254,4267,3526,8657,709
2012,Alta,2003,2098,1698,4328,469,2234,1789,4484,259,4332,3487,8812,728
2012,Alta,2004,2083,1670,4407,489,2218,1758,4552,263,4301,3428,8959,752
2012,Alta,2005,2062,1671,4467,514,2220,1792,4615,287,4282,3463,9082,801
2012,Alta,2006,2036,1741,4544,518,2213,1845,4698,294,4249,3586,9242,812
2012,Alta,2007,2030,1798,4599,520,2227,1848,4774,294,4257,3646,9373,814
2012,Alta,2008,2018,1853,4613,533,2218,1890,4825,322,4236,3743,9438,855
2012,Alta,2009,1976,1881,4660,541,2208,1941,4951,330,4184,3822,9611,871
2012,Alta,2010,2008,1913,4694,552,2155,2029,4983,346,4163,3942,9677,898
2012,Alta,2011,2044,1999,4754,562,2164,2127,5066,355,4208,4126,9820,917
2012,Alta,2012,2070,2020,4812,562,2123,2204,5126,365,4193,4224,9938,927
2012,Alta,2013,2067,2119,4894,571,2115,2307,5187,386,4182,4426,10081,957
2012,Alta,2014,2095,2132,4948,587,2077,2335,5245,403,4172,4467,10193,990
2014,Loppa,1999,140,121,352,68,144,149,422,47,284,270,774,115
2014,Loppa,2000,138,115,346,69,146,143,420,49,284,258,766,118
2014,Loppa,2001,138,112,347,70,148,135,419,52,286,247,766,122
2014,Loppa,2002,133,110,345,72,141,116,426,55,274,226,771,127
2014,Loppa,2003,123,92,338,69,127,110,411,59,250,202,749,128
2014,Loppa,2004,111,91,332,73,124,105,402,56,235,196,734,129
2014,Loppa,2005,95,99,323,71,121,96,406,55,216,195,729,126
2014,Loppa,2006,93,76,314,70,110,91,396,63,203,167,710,133
2014,Loppa,2007,83,73,303,64,105,82,376,64,188,155,679,128
2014,Loppa,2008,78,70,301,58,109,72,359,59,187,142,660,117
2014,Loppa,2009,74,72,299,56,101,75,358,52,175,147,657,108
2014,Loppa,2010,66,74,296,60,93,84,355,59,159,158,651,119
2014,Loppa,2011,62,73,290,60,93,91,350,59,155,164,640,119
2014,Loppa,2012,58,82,282,64,84,103,356,58,142,185,638,122
2014,Loppa,2013,53,79,274,66,75,111,355,57,128,190,629,123
2014,Loppa,2014,47,71,267,64,65,111,349,53,112,182,616,117
2015,Hasvik,1999,111,132,304,56,125,133,349,27,236,265,653,83
2015,Hasvik,2000,103,121,294,53,130,119,352,28,233,240,646,81
2015,Hasvik,2001,103,122,287,54,131,114,365,28,234,236,652,82
2015,Hasvik,2002,101,108,287,58,127,105,363,35,228,213,650,93
2015,Hasvik,2003,96,88,286,54,110,95,348,30,206,183,634,84
2015,Hasvik,2004,94,89,282,57,111,87,340,35,205,176,622,92
2015,Hasvik,2005,87,79,276,57,101,81,337,31,188,160,613,88
2015,Hasvik,2006,83,74,269,61,96,88,327,35,179,162,596,96
2015,Hasvik,2007,78,68,266,57,90,95,315,36,168,163,581,93
2015,Hasvik,2008,84,76,263,57,86,88,312,32,170,164,575,89
2015,Hasvik,2009,79,69,255,58,72,83,322,32,151,152,577,90
2015,Hasvik,2010,76,64,248,55,66,80,310,35,142,144,558,90
2015,Hasvik,2011,72,76,250,53,70,91,323,37,142,167,573,90
2015,Hasvik,2012,78,84,259,49,72,101,318,34,150,185,577,83
2015,Hasvik,2013,83,83,266,50,70,111,320,40,153,194,586,90
2015,Hasvik,2014,80,85,262,54,84,109,325,38,164,194,587,92
2017,Kvalsund,1999,91,93,283,54,77,110,349,31,168,203,632,85
2017,Kvalsund,2000,98,92,291,55,78,110,351,31,176,202,642,86
2017,Kvalsund,2001,98,93,290,59,90,94,352,34,188,187,642,93
2017,Kvalsund,2002,84,95,292,58,88,82,357,35,172,177,649,93
2017,Kvalsund,2003,84,82,296,61,91,80,364,39,175,162,660,100
2017,Kvalsund,2004,87,84,292,58,90,76,367,39,177,160,659,97
2017,Kvalsund,2005,88,75,297,60,89,64,370,37,177,139,667,97
2017,Kvalsund,2006,87,77,294,55,81,74,369,33,168,151,663,88
2017,Kvalsund,2007,92,79,298,57,76,80,374,36,168,159,672,93
2017,Kvalsund,2008,91,86,296,59,86,77,374,32,177,163,670,91
2017,Kvalsund,2009,78,80,291,55,77,59,373,31,155,139,664,86
2017,Kvalsund,2010,84,68,286,57,81,51,366,33,165,119,652,90
2017,Kvalsund,2011,68,68,281,59,75,57,352,38,143,125,633,97
2017,Kvalsund,2012,68,66,280,60,78,69,351,38,146,135,631,98
2017,Kvalsund,2013,70,71,297,55,76,67,359,41,146,138,656,96
2017,Kvalsund,2014,71,75,293,60,80,75,351,46,151,150,644,106
2018,Måsøy,1999,127,124,372,62,128,157,485,42,255,281,857,104
2018,Måsøy,2000,119,127,378,57,120,152,480,44,239,279,858,101
2018,Måsøy,2001,126,118,382,57,134,138,473,41,260,256,855,98
2018,Måsøy,2002,126,104,384,60,129,124,460,46,255,228,844,106
2018,Måsøy,2003,123,100,384,59,131,121,456,51,254,221,840,110
2018,Måsøy,2004,121,105,374,62,123,114,451,49,244,219,825,111
2018,Måsøy,2005,117,98,374,63,123,118,451,49,240,216,825,112
2018,Måsøy,2006,109,101,371,63,121,122,435,54,230,223,806,117
2018,Måsøy,2007,106,94,354,67,113,118,415,52,219,212,769,119
2018,Måsøy,2008,96,111,360,65,115,116,413,57,211,227,773,122
2018,Måsøy,2009,95,108,354,62,116,105,412,57,211,213,766,119
2018,Måsøy,2010,81,108,343,69,109,100,402,55,190,208,745,124
2018,Måsøy,2011,76,100,337,67,102,101,389,56,178,201,726,123
2018,Måsøy,2012,81,105,340,69,93,101,393,61,174,206,733,130
2018,Måsøy,2013,74,100,339,65,90,102,408,62,164,202,747,127
2018,Måsøy,2014,79,101,332,66,87,103,409,64,166,204,741,130
2019,Nordkapp,1999,340,302,918,160,340,352,1059,83,680,654,1977,243
2019,Nordkapp,2000,331,302,904,166,348,326,1054,86,679,628,1958,252
2019,Nordkapp,2001,351,287,901,169,329,319,1051,98,680,606,1952,267
2019,Nordkapp,2002,358,282,909,173,335,307,1045,104,693,589,1954,277
2019,Nordkapp,2003,355,287,906,165,330,313,1034,107,685,600,1940,272
2019,Nordkapp,2004,361,283,904,160,338,291,1021,110,699,574,1925,270
2019,Nordkapp,2005,338,286,912,150,334,272,1014,109,672,558,1926,259
2019,Nordkapp,2006,326,258,901,158,324,264,981,118,650,522,1882,276
2019,Nordkapp,2007,311,255,874,169,307,259,971,128,618,514,1845,297
2019,Nordkapp,2008,292,258,855,174,295,279,953,113,587,537,1808,287
2019,Nordkapp,2009,280,269,835,165,293,281,953,104,573,550,1788,269
2019,Nordkapp,2010,264,263,843,162,293,304,957,99,557,567,1800,261
2019,Nordkapp,2011,269,258,857,160,271,335,982,92,540,593,1839,252
2019,Nordkapp,2012,262,269,852,155,275,321,1002,92,537,590,1854,247
2019,Nordkapp,2013,254,259,851,158,274,311,1006,92,528,570,1857,250
2019,Nordkapp,2014,240,280,852,162,259,314,1010,96,499,594,1862,258
2020,Porsanger - Porsángu - Porsanki,1999,441,436,1116,155,435,506,1211,97,876,942,2327,252
2020,Porsanger - Porsángu - Porsanki,2000,441,426,1142,160,445,484,1262,91,886,910,2404,251
2020,Porsanger - Porsángu - Porsanki,2001,416,392,1135,163,426,468,1258,100,842,860,2393,263
2020,Porsanger - Porsángu - Porsanki,2002,434,371,1152,160,420,453,1262,97,854,824,2414,257
2020,Porsanger - Porsángu - Porsanki,2003,431,372,1139,159,398,440,1251,104,829,812,2390,263
2020,Porsanger - Porsángu - Porsanki,2004,425,377,1148,158,404,451,1259,107,829,828,2407,265
2020,Porsanger - Porsángu - Porsanki,2005,417,389,1146,152,396,430,1267,102,813,819,2413,254
2020,Porsanger - Porsángu - Porsanki,2006,390,378,1140,161,382,407,1253,111,772,785,2393,272
2020,Porsanger - Porsángu - Porsanki,2007,380,351,1117,171,374,401,1232,115,754,752,2349,286
2020,Porsanger - Porsángu - Porsanki,2008,360,329,1113,156,366,386,1231,118,726,715,2344,274
2020,Porsanger - Porsángu - Porsanki,2009,354,331,1115,148,349,373,1209,121,703,704,2324,269
2020,Porsanger - Porsángu - Porsanki,2010,342,339,1115,166,338,365,1207,119,680,704,2322,285
2020,Porsanger - Porsángu - Porsanki,2011,324,343,1113,171,325,376,1218,110,649,719,2331,281
2020,Porsanger - Porsángu - Porsanki,2012,323,323,1115,176,302,390,1204,113,625,713,2319,289
2020,Porsanger - Porsángu - Porsanki,2013,329,344,1128,170,294,372,1215,116,623,716,2343,286
2020,Porsanger - Porsángu - Porsanki,2014,318,347,1146,162,297,366,1203,124,615,713,2349,286
2021,Kárásjohka - Karasjok,1999,326,289,698,70,364,297,780,47,690,586,1478,117
2021,Kárásjohka - Karasjok,2000,337,285,704,79,360,299,788,49,697,584,1492,128
2021,Kárásjohka - Karasjok,2001,324,276,718,81,355,289,790,44,679,565,1508,125
2021,Kárásjohka - Karasjok,2002,303,272,716,89,357,282,788,45,660,554,1504,134
2021,Kárásjohka - Karasjok,2003,294,260,713,94,352,287,798,46,646,547,1511,140
2021,Kárásjohka - Karasjok,2004,289,249,741,96,347,295,794,54,636,544,1535,150
2021,Kárásjohka - Karasjok,2005,303,235,751,100,333,298,798,58,636,533,1549,158
2021,Kárásjohka - Karasjok,2006,295,244,754,105,332,285,813,61,627,529,1567,166
2021,Kárásjohka - Karasjok,2007,283,244,755,104,330,282,806,69,613,526,1561,173
2021,Kárásjohka - Karasjok,2008,280,253,752,104,324,291,788,74,604,544,1540,178
2021,Kárásjohka - Karasjok,2009,261,246,732,106,300,291,779,71,561,537,1511,177
2021,Kárásjohka - Karasjok,2010,257,243,730,110,292,291,787,79,549,534,1517,189
2021,Kárásjohka - Karasjok,2011,244,249,727,106,278,291,792,81,522,540,1519,187
2021,Kárásjohka - Karasjok,2012,240,257,722,105,264,295,796,84,504,552,1518,189
2021,Kárásjohka - Karasjok,2013,230,261,718,106,249,304,776,77,479,565,1494,183
2021,Kárásjohka - Karasjok,2014,212,257,718,110,235,313,777,76,447,570,1495,186
2022,Lebesby,1999,129,124,374,75,154,139,441,47,283,263,815,122
2022,Lebesby,2000,129,117,375,73,148,134,444,43,277,251,819,116
2022,Lebesby,2001,136,133,380,71,159,134,467,44,295,267,847,115
2022,Lebesby,2002,132,128,373,70,159,132,474,43,291,260,847,113
2022,Lebesby,2003,135,119,374,64,157,131,476,44,292,250,850,108
2022,Lebesby,2004,127,118,371,67,153,131,468,38,280,249,839,105
2022,Lebesby,2005,128,104,364,59,156,122,456,41,284,226,820,100
2022,Lebesby,2006,119,94,363,56,139,129,450,41,258,223,813,97
2022,Lebesby,2007,119,92,354,58,127,121,443,43,246,213,797,101
2022,Lebesby,2008,112,84,339,64,114,118,436,37,226,202,775,101
2022,Lebesby,2009,123,89,340,68,121,117,434,40,244,206,774,108
2022,Lebesby,2010,119,95,343,69,125,116,427,48,244,211,770,117
2022,Lebesby,2011,116,96,344,66,126,113,426,49,242,209,770,115
2022,Lebesby,2012,122,98,346,66,123,127,423,51,245,225,769,117
2022,Lebesby,2013,111,100,357,57,105,140,419,50,216,240,776,107
2022,Lebesby,2014,112,94,355,63,105,140,418,54,217,234,773,117
2023,Gamvik,1999,118,132,311,54,126,128,375,39,244,260,686,93
2023,Gamvik,2000,117,138,329,56,125,111,373,39,242,249,702,95
2023,Gamvik,2001,121,130,324,55,119,113,369,38,240,243,693,93
2023,Gamvik,2002,106,116,323,59,122,111,362,35,228,227,685,94
2023,Gamvik,2003,106,110,317,51,124,93,373,31,230,203,690,82
2023,Gamvik,2004,100,93,311,51,111,84,353,31,211,177,664,82
2023,Gamvik,2005,98,89,309,50,107,83,346,32,205,172,655,82
2023,Gamvik,2006,87,89,297,51,100,79,340,33,187,168,637,84
2023,Gamvik,2007,78,84,296,49,95,80,332,32,173,164,628,81
2023,Gamvik,2008,80,78,301,45,97,77,328,34,177,155,629,79
2023,Gamvik,2009,71,74,296,48,93,76,336,31,164,150,632,79
2023,Gamvik,2010,77,71,294,43,86,78,330,30,163,149,624,73
2023,Gamvik,2011,67,81,296,39,70,88,320,30,137,169,616,69
2023,Gamvik,2012,69,90,290,37,60,107,319,36,129,197,609,73
2023,Gamvik,2013,67,99,295,38,67,116,344,37,134,215,639,75
2023,Gamvik,2014,65,104,299,38,76,114,363,39,141,218,662,77
2024,Berlevåg,1999,129,115,312,62,125,120,345,44,254,235,657,106
2024,Berlevåg,2000,127,108,319,64,127,106,345,40,254,214,664,104
2024,Berlevåg,2001,113,114,314,66,126,99,341,39,239,213,655,105
2024,Berlevåg,2002,113,105,319,65,126,93,350,39,239,198,669,104
2024,Berlevåg,2003,102,101,320,67,131,85,352,35,233,186,672,102
2024,Berlevåg,2004,100,87,318,72,121,83,341,36,221,170,659,108
2024,Berlevåg,2005,108,80,314,69,104,87,336,35,212,167,650,104
2024,Berlevåg,2006,101,78,305,70,95,91,326,38,196,169,631,108
2024,Berlevåg,2007,105,68,296,75,93,91,318,40,198,159,614,115
2024,Berlevåg,2008,102,68,286,77,93,95,315,41,195,163,601,118
2024,Berlevåg,2009,102,63,291,70,88,96,312,39,190,159,603,109
2024,Berlevåg,2010,83,74,286,66,85,93,319,38,168,167,605,104
2024,Berlevåg,2011,84,76,278,58,81,100,313,41,165,176,591,99
2024,Berlevåg,2012,69,78,280,60,75,97,312,44,144,175,592,104
2024,Berlevåg,2013,69,79,283,59,74,101,315,45,143,180,598,104
2024,Berlevåg,2014,70,92,289,61,80,108,315,42,150,200,604,103
2025,Deatnu - Tana,1999,288,300,731,130,282,354,888,83,570,654,1619,213
2025,Deatnu - Tana,2000,289,296,744,126,298,342,902,77,587,638,1646,203
2025,Deatnu - Tana,2001,284,281,755,130,298,328,900,68,582,609,1655,198
2025,Deatnu - Tana,2002,284,275,769,123,306,314,906,62,590,589,1675,185
2025,Deatnu - Tana,2003,305,268,777,124,302,297,922,73,607,565,1699,197
2025,Deatnu - Tana,2004,287,243,795,121,291,275,918,74,578,518,1713,195
2025,Deatnu - Tana,2005,285,247,817,117,290,277,925,79,575,524,1742,196
2025,Deatnu - Tana,2006,275,245,820,127,285,271,905,78,560,516,1725,205
2025,Deatnu - Tana,2007,274,225,824,125,272,265,910,84,546,490,1734,209
2025,Deatnu - Tana,2008,276,229,807,124,258,258,922,80,534,487,1729,204
2025,Deatnu - Tana,2009,259,253,798,126,250,269,911,85,509,522,1709,211
2025,Deatnu - Tana,2010,251,234,797,130,250,244,913,93,501,478,1710,223
2025,Deatnu - Tana,2011,242,231,803,129,250,244,894,104,492,475,1697,233
2025,Deatnu - Tana,2012,240,229,804,124,252,245,900,102,492,474,1704,226
2025,Deatnu - Tana,2013,231,229,800,127,250,248,900,115,481,477,1700,242
2025,Deatnu - Tana,2014,206,233,790,135,238,260,907,114,444,493,1697,249
2027,Unjárga - Nesseby,1999,93,77,261,59,90,93,313,35,183,170,574,94
2027,Unjárga - Nesseby,2000,82,74,248,61,76,85,306,33,158,159,554,94
2027,Unjárga - Nesseby,2001,83,79,252,60,77,81,294,37,160,160,546,97
2027,Unjárga - Nesseby,2002,85,79,258,58,70,85,295,36,155,164,553,94
2027,Unjárga - Nesseby,2003,74,70,255,57,73,71,296,33,147,141,551,90
2027,Unjárga - Nesseby,2004,65,68,261,60,68,79,294,32,133,147,555,92
2027,Unjárga - Nesseby,2005,64,58,254,63,64,75,287,36,128,133,541,99
2027,Unjárga - Nesseby,2006,64,61,249,57,66,77,281,37,130,138,530,94
2027,Unjárga - Nesseby,2007,62,66,247,54,65,74,279,37,127,140,526,91
2027,Unjárga - Nesseby,2008,54,58,245,55,62,70,273,39,116,128,518,94
2027,Unjárga - Nesseby,2009,56,69,244,57,65,74,275,38,121,143,519,95
2027,Unjárga - Nesseby,2010,60,71,237,54,65,78,280,39,125,149,517,93
2027,Unjárga - Nesseby,2011,63,80,238,48,62,78,283,41,125,158,521,89
2027,Unjárga - Nesseby,2012,66,75,239,54,65,81,281,40,131,156,520,94
2027,Unjárga - Nesseby,2013,62,71,237,53,60,80,275,44,122,151,512,97
2027,Unjárga - Nesseby,2014,67,72,238,53,68,87,284,50,135,159,522,103
2028,Båtsfjord,1999,221,284,590,73,262,282,714,28,483,566,1304,101
2028,Båtsfjord,2000,229,286,602,71,254,283,717,28,483,569,1319,99
2028,Båtsfjord,2001,227,264,608,73,247,275,725,32,474,539,1333,105
2028,Båtsfjord,2002,221,255,608,72,244,258,715,34,465,513,1323,106
2028,Båtsfjord,2003,227,242,624,77,235,245,713,41,462,487,1337,118
2028,Båtsfjord,2004,225,206,608,75,223,232,688,33,448,438,1296,108
2028,Båtsfjord,2005,221,174,588,78,217,194,679,34,438,368,1267,112
2028,Båtsfjord,2006,216,176,580,80,214,196,670,39,430,372,1250,119
2028,Båtsfjord,2007,209,171,571,80,194,191,655,42,403,362,1226,122
2028,Båtsfjord,2008,208,162,569,78,189,194,647,43,397,356,1216,121
2028,Båtsfjord,2009,207,157,568,77,177,194,656,38,384,351,1224,115
2028,Båtsfjord,2010,203,164,570,77,174,198,638,46,377,362,1208,123
2028,Båtsfjord,2011,193,172,559,75,170,205,646,51,363,377,1205,126
2028,Båtsfjord,2012,200,179,560,71,164,218,650,47,364,397,1210,118
2028,Båtsfjord,2013,193,201,573,74,169,244,660,48,362,445,1233,122
2028,Båtsfjord,2014,200,196,589,77,165,242,687,51,365,438,1276,128
2030,Sør-Varanger,1999,963,984,2476,416,973,996,2614,224,1936,1980,5090,640
2030,Sør-Varanger,2000,981,928,2483,408,987,927,2602,216,1968,1855,5085,624
2030,Sør-Varanger,2001,968,913,2480,422,968,898,2626,223,1936,1811,5106,645
2030,Sør-Varanger,2002,991,893,2514,438,1018,862,2665,227,2009,1755,5179,665
2030,Sør-Varanger,2003,977,849,2538,431,997,844,2672,239,1974,1693,5210,670
2030,Sør-Varanger,2004,967,842,2528,426,980,842,2666,249,1947,1684,5194,675
2030,Sør-Varanger,2005,968,815,2548,429,961,821,2669,252,1929,1636,5217,681
2030,Sør-Varanger,2006,954,804,2571,438,963,819,2662,253,1917,1623,5233,691
2030,Sør-Varanger,2007,923,838,2603,415,940,832,2681,258,1863,1670,5284,673
2030,Sør-Varanger,2008,938,856,2621,410,919,838,2676,260,1857,1694,5297,670
2030,Sør-Varanger,2009,938,887,2649,408,912,870,2684,275,1850,1757,5333,683
2030,Sør-Varanger,2010,920,907,2664,406,900,942,2722,277,1820,1849,5386,683
2030,Sør-Varanger,2011,912,940,2670,407,883,980,2748,286,1795,1920,5418,693
2030,Sør-Varanger,2012,884,949,2684,408,866,1031,2773,265,1750,1980,5457,673
2030,Sør-Varanger,2013,865,974,2701,413,860,1070,2821,264,1725,2044,5522,677
2030,Sør-Varanger,2014,841,1001,2735,416,840,1122,2864,271,1681,2123,5599,687
